Best solution in generation 0 is: x = [5, 2, 6, 7, 8, 1, 8, 1, 10, 7, 6, 9, 11, 2, 1, 6, 8, 1, 9, 10, 5, 4, 4, 2, 2, 8, 3, 3, 11, 5, 7, 2, 7, 11, 1, 11, 2, 1, 1, 2, 11, 3, 10, 2, 8, 7, 2, 10, 2, 5, 4, 5, 1, 2, 1, 2, 8, 3, 11, 7, 7, 5] f(x) = 0.04286816186068592
Best solution in generation 1 is: x = [5, 2, 6, 7, 1, 1, 8, 1, 10, 7, 6, 9, 11, 2, 8, 8, 4, 1, 9, 10, 5, 4, 4, 2, 9, 4, 3, 3, 10, 5, 7, 2, 7, 11, 1, 11, 2, 1, 1, 2, 11, 3, 10, 2, 8, 7, 2, 10, 2, 5, 4, 5, 1, 2, 1, 2, 8, 3, 11, 7, 7, 5] f(x) = 0.046586369210078755
Best solution in generation 2 is: x = [5, 2, 6, 7, 8, 1, 8, 1, 10, 7, 6, 9, 11, 2, 1, 3, 5, 8, 9, 5, 9, 1, 4, 2, 2, 8, 3, 3, 11, 5, 7, 2, 7, 11, 1, 4, 2, 1, 1, 2, 11, 3, 10, 2, 8, 7, 2, 10, 2, 5, 4, 5, 1, 2, 1, 2, 8, 3, 11, 7, 7, 5] f(x) = 0.05503144654088057
Best solution in generation 3 is: x = [5, 2, 6, 7, 8, 1, 8, 5, 10, 7, 6, 9, 11, 2, 1, 3, 5, 8, 9, 5, 9, 1, 4, 2, 2, 8, 3, 3, 11, 5, 7, 2, 7, 11, 1, 4, 2, 1, 1, 2, 11, 3, 10, 2, 8, 7, 2, 5, 2, 2, 4, 5, 1, 2, 1, 2, 8, 3, 11, 7, 7, 5] f(x) = 0.05936276254894987
Best solution in generation 4 is: x = [10, 2, 6, 7, 8, 1, 8, 1, 10, 7, 6, 9, 11, 2, 1, 6, 11, 3, 7, 5, 9, 1, 4, 2, 2, 8, 3, 3, 11, 5, 3, 3, 7, 11, 1, 4, 2, 1, 1, 2, 11, 3, 10, 2, 8, 7, 2, 10, 2, 5, 4, 5, 1, 2, 1, 2, 2, 3, 11, 7, 7, 5] f(x) = 0.06466318579170136
Best solution in generation 5 is: x = [10, 2, 6, 7, 8, 1, 8, 1, 10, 7, 6, 9, 11, 2, 1, 6, 11, 3, 7, 5, 9, 1, 4, 2, 2, 8, 3, 3, 11, 5, 3, 3, 7, 11, 1, 4, 2, 1, 1, 2, 11, 3, 10, 2, 8, 7, 2, 10, 2, 5, 4, 5, 1, 2, 1, 2, 2, 3, 11, 7, 7, 5] f(x) = 0.06466318579170136
Best solution in generation 6 is: x = [10, 2, 6, 7, 8, 1, 8, 1, 10, 7, 6, 9, 11, 2, 1, 6, 11, 3, 7, 5, 9, 1, 4, 2, 6, 8, 3, 3, 11, 5, 3, 3, 7, 11, 1, 4, 2, 1, 1, 2, 11, 3, 10, 2, 2, 7, 6, 10, 2, 5, 4, 5, 1, 2, 1, 2, 2, 3, 11, 7, 7, 5] f(x) = 0.06561251532771654
Best solution in generation 7 is: x = [10, 2, 6, 7, 8, 1, 8, 1, 10, 7, 6, 9, 11, 2, 1, 6, 11, 3, 7, 5, 9, 1, 4, 2, 6, 8, 3, 3, 11, 5, 3, 3, 7, 11, 1, 4, 2, 1, 1, 2, 11, 3, 10, 2, 2, 7, 6, 10, 2, 5, 4, 5, 1, 2, 1, 2, 2, 3, 11, 7, 7, 5] f(x) = 0.06561251532771654
Best solution in generation 8 is: x = [10, 2, 6, 7, 8, 1, 8, 1, 10, 7, 6, 9, 11, 2, 1, 6, 11, 3, 7, 5, 9, 1, 4, 2, 6, 8, 3, 3, 11, 5, 3, 3, 7, 11, 1, 4, 2, 1, 1, 2, 11, 3, 10, 2, 2, 7, 6, 10, 2, 4, 7, 5, 1, 2, 1, 8, 2, 3, 11, 7, 7, 5] f(x) = 0.06840117083976117
Best solution in generation 9 is: x = [10, 2, 6, 7, 8, 1, 8, 1, 10, 7, 6, 9, 11, 2, 1, 6, 11, 3, 7, 5, 9, 7, 4, 2, 6, 3, 3, 3, 11, 5, 3, 3, 7, 11, 1, 4, 2, 1, 1, 2, 11, 3, 10, 2, 2, 7, 6, 10, 2, 2, 4, 5, 1, 7, 1, 2, 2, 3, 11, 7, 7, 11] f(x) = 0.07623313951188651
Best solution in generation 10 is: x = [10, 2, 6, 7, 8, 1, 8, 1, 10, 7, 6, 9, 11, 2, 1, 6, 11, 3, 7, 5, 9, 7, 4, 2, 6, 3, 3, 3, 11, 5, 3, 3, 7, 11, 1, 4, 2, 1, 1, 2, 11, 3, 10, 11, 2, 7, 6, 10, 2, 2, 4, 5, 1, 3, 1, 2, 2, 3, 11, 7, 7, 11] f(x) = 0.07987223606661141
Best solution in generation 11 is: x = [10, 2, 6, 7, 8, 1, 8, 1, 10, 7, 6, 9, 11, 2, 1, 6, 11, 3, 7, 5, 9, 7, 4, 2, 6, 3, 3, 3, 11, 5, 3, 3, 7, 11, 1, 4, 2, 1, 1, 2, 11, 3, 10, 11, 2, 7, 6, 10, 2, 2, 4, 5, 1, 3, 1, 2, 2, 3, 11, 7, 7, 11] f(x) = 0.07987223606661141
Best solution in generation 12 is: x = [10, 2, 6, 7, 8, 1, 8, 1, 10, 7, 6, 9, 11, 2, 1, 6, 9, 3, 7, 5, 9, 7, 4, 2, 6, 3, 3, 3, 11, 5, 3, 3, 7, 11, 1, 4, 2, 1, 1, 2, 11, 3, 10, 11, 2, 7, 6, 10, 2, 2, 4, 5, 1, 2, 1, 2, 2, 3, 11, 7, 7, 11] f(x) = 0.08016890154661614
Best solution in generation 13 is: x = [10, 2, 6, 7, 8, 1, 8, 1, 10, 1, 6, 9, 11, 2, 1, 6, 11, 3, 7, 5, 9, 7, 4, 2, 6, 3, 3, 3, 11, 5, 3, 3, 7, 11, 1, 4, 2, 1, 1, 2, 11, 3, 10, 11, 2, 7, 6, 10, 2, 2, 4, 7, 1, 3, 1, 2, 2, 3, 11, 7, 7, 11] f(x) = 0.08465843914402135
Best solution in generation 14 is: x = [10, 3, 6, 7, 8, 2, 8, 1, 10, 7, 6, 9, 11, 2, 1, 6, 11, 3, 7, 5, 9, 7, 4, 2, 6, 3, 3, 3, 11, 5, 3, 3, 7, 11, 1, 4, 2, 1, 1, 2, 11, 6, 10, 11, 2, 7, 4, 10, 2, 2, 4, 5, 1, 3, 1, 2, 2, 3, 11, 7, 7, 11] f(x) = 0.09090819192278803
Best solution in generation 15 is: x = [10, 3, 6, 7, 8, 2, 8, 1, 10, 7, 6, 9, 11, 2, 1, 6, 11, 3, 7, 5, 9, 7, 4, 2, 6, 3, 3, 3, 11, 5, 3, 3, 7, 11, 1, 4, 2, 1, 1, 2, 11, 6, 10, 11, 2, 7, 4, 10, 2, 2, 4, 5, 1, 3, 1, 2, 2, 3, 11, 7, 7, 11] f(x) = 0.09090819192278803
Best solution in generation 16 is: x = [10, 3, 6, 7, 8, 2, 8, 1, 10, 5, 6, 1, 11, 2, 1, 6, 11, 3, 7, 5, 11, 7, 4, 2, 6, 3, 3, 3, 11, 5, 3, 3, 7, 11, 1, 4, 2, 1, 1, 2, 11, 6, 10, 11, 2, 7, 4, 10, 2, 2, 4, 5, 1, 3, 1, 2, 2, 3, 11, 7, 7, 11] f(x) = 0.09260907400814859
Best solution in generation 17 is: x = [10, 3, 6, 7, 8, 2, 2, 1, 10, 5, 6, 1, 11, 2, 1, 6, 11, 3, 7, 5, 11, 7, 4, 2, 6, 3, 3, 3, 11, 5, 3, 3, 7, 11, 1, 4, 2, 1, 1, 2, 11, 6, 10, 11, 2, 7, 6, 10, 10, 2, 4, 5, 1, 3, 1, 2, 2, 3, 11, 7, 7, 11] f(x) = 0.09674261302954808
Best solution in generation 18 is: x = [10, 3, 6, 7, 8, 2, 2, 1, 10, 5, 6, 1, 11, 2, 1, 6, 11, 3, 7, 5, 11, 7, 4, 2, 6, 3, 3, 3, 11, 5, 3, 3, 7, 11, 1, 4, 2, 1, 1, 2, 11, 6, 10, 11, 2, 7, 6, 10, 10, 2, 4, 7, 1, 2, 1, 2, 2, 3, 11, 7, 7, 5] f(x) = 0.10281436652031167
Best solution in generation 19 is: x = [10, 3, 6, 7, 8, 2, 2, 1, 10, 5, 6, 1, 11, 2, 1, 6, 11, 3, 7, 5, 11, 7, 4, 2, 6, 3, 3, 3, 11, 5, 3, 3, 7, 11, 1, 4, 2, 1, 1, 2, 11, 6, 10, 11, 2, 7, 6, 10, 10, 2, 4, 7, 1, 2, 1, 2, 2, 3, 11, 7, 7, 5] f(x) = 0.10281436652031167
Best solution in generation 20 is: x = [10, 3, 6, 7, 6, 4, 9, 3, 10, 7, 7, 9, 11, 3, 1, 6, 11, 3, 7, 5, 8, 7, 4, 2, 6, 3, 3, 3, 11, 5, 3, 3, 7, 11, 1, 4, 2, 1, 1, 2, 11, 3, 10, 2, 2, 7, 6, 10, 2, 2, 4, 7, 1, 2, 1, 8, 9, 3, 11, 7, 7, 8] f(x) = 0.10835212214706684
Best solution in generation 21 is: x = [10, 3, 6, 7, 8, 2, 2, 1, 10, 7, 10, 1, 11, 2, 1, 6, 11, 3, 7, 5, 11, 7, 4, 2, 6, 3, 3, 3, 11, 5, 3, 3, 7, 11, 1, 4, 2, 1, 1, 2, 11, 6, 10, 11, 2, 7, 6, 10, 10, 2, 4, 7, 1, 2, 1, 2, 2, 3, 11, 7, 7, 5] f(x) = 0.11118033305644551
Best solution in generation 22 is: x = [10, 3, 6, 7, 8, 2, 2, 1, 10, 5, 6, 1, 11, 2, 1, 7, 11, 3, 7, 5, 11, 7, 4, 2, 6, 3, 3, 3, 11, 5, 3, 3, 7, 11, 1, 4, 2, 1, 1, 2, 11, 6, 10, 11, 2, 7, 6, 10, 10, 2, 4, 7, 1, 5, 1, 2, 2, 3, 11, 7, 7, 5] f(x) = 0.11175388631778799
Best solution in generation 23 is: x = [10, 3, 6, 7, 8, 2, 2, 1, 10, 5, 6, 1, 11, 2, 1, 7, 11, 3, 7, 5, 11, 7, 4, 2, 6, 3, 3, 3, 11, 5, 3, 3, 7, 11, 1, 4, 2, 1, 1, 2, 11, 6, 10, 11, 2, 7, 6, 10, 10, 2, 4, 7, 1, 5, 1, 2, 2, 3, 11, 7, 7, 5] f(x) = 0.11175388631778799
Best solution in generation 24 is: x = [10, 3, 6, 7, 8, 2, 2, 1, 10, 5, 6, 1, 11, 2, 1, 7, 11, 3, 7, 5, 11, 7, 4, 2, 1, 3, 3, 3, 11, 5, 3, 3, 7, 11, 1, 4, 2, 1, 1, 2, 11, 6, 10, 11, 2, 7, 6, 10, 10, 2, 4, 7, 1, 5, 1, 2, 2, 3, 11, 7, 7, 5] f(x) = 0.11383054467782128
Best solution in generation 25 is: x = [10, 3, 6, 7, 8, 2, 2, 1, 10, 5, 6, 1, 11, 2, 1, 7, 11, 3, 7, 5, 11, 7, 4, 2, 1, 3, 3, 3, 11, 5, 3, 3, 7, 11, 1, 4, 2, 1, 1, 2, 11, 6, 10, 11, 2, 7, 6, 10, 10, 2, 4, 7, 1, 5, 1, 2, 2, 3, 11, 7, 7, 5] f(x) = 0.11383054467782128
Best solution in generation 26 is: x = [10, 3, 6, 7, 8, 2, 2, 1, 10, 5, 6, 1, 11, 2, 1, 7, 11, 3, 7, 5, 11, 7, 4, 2, 1, 3, 3, 3, 11, 5, 3, 3, 7, 11, 1, 4, 2, 1, 1, 2, 11, 6, 10, 11, 2, 7, 6, 10, 10, 2, 4, 7, 1, 5, 3, 2, 2, 3, 11, 7, 7, 5] f(x) = 0.11721253114987543
Best solution in generation 27 is: x = [10, 3, 6, 7, 8, 2, 2, 1, 10, 7, 10, 1, 11, 2, 1, 6, 11, 3, 7, 5, 11, 7, 4, 2, 6, 3, 3, 3, 11, 5, 3, 3, 7, 11, 1, 4, 2, 10, 11, 2, 11, 6, 10, 11, 2, 7, 6, 10, 10, 2, 4, 7, 1, 7, 1, 2, 2, 3, 11, 7, 7, 5] f(x) = 0.11776630671255083
Best solution in generation 28 is: x = [10, 3, 6, 7, 8, 2, 2, 1, 10, 7, 10, 1, 11, 2, 1, 6, 11, 3, 7, 5, 11, 7, 4, 2, 6, 3, 3, 3, 11, 5, 3, 3, 7, 11, 1, 4, 2, 10, 11, 2, 11, 6, 10, 11, 2, 7, 6, 10, 10, 2, 4, 7, 1, 7, 1, 2, 2, 3, 11, 7, 7, 5] f(x) = 0.11776630671255083
Best solution in generation 29 is: x = [10, 3, 6, 7, 8, 2, 2, 1, 10, 5, 6, 1, 11, 2, 1, 7, 11, 3, 7, 9, 11, 7, 4, 2, 7, 3, 3, 3, 11, 5, 3, 3, 7, 11, 1, 4, 2, 1, 1, 2, 11, 6, 10, 11, 2, 7, 6, 10, 10, 2, 4, 7, 1, 5, 1, 2, 2, 3, 11, 7, 7, 5] f(x) = 0.12387761560064858
Best solution in generation 30 is: x = [10, 3, 6, 7, 8, 2, 2, 1, 10, 5, 6, 1, 11, 2, 1, 7, 11, 3, 7, 9, 11, 7, 4, 2, 7, 3, 3, 3, 11, 5, 3, 3, 7, 11, 1, 4, 2, 1, 1, 2, 11, 6, 10, 11, 2, 7, 6, 10, 10, 2, 4, 7, 1, 5, 1, 2, 2, 3, 11, 7, 7, 5] f(x) = 0.12387761560064858
Best solution in generation 31 is: x = [10, 3, 6, 7, 8, 2, 2, 1, 10, 5, 6, 1, 11, 2, 1, 7, 11, 3, 7, 9, 11, 7, 4, 2, 7, 3, 3, 3, 11, 5, 3, 3, 7, 11, 1, 4, 2, 1, 1, 2, 11, 6, 10, 11, 2, 7, 6, 10, 10, 2, 4, 7, 1, 5, 1, 2, 2, 3, 11, 7, 7, 5] f(x) = 0.12387761560064858
Best solution in generation 32 is: x = [10, 3, 6, 7, 8, 2, 2, 1, 10, 2, 10, 1, 11, 2, 1, 7, 11, 3, 7, 9, 11, 7, 4, 2, 7, 3, 3, 3, 11, 5, 3, 3, 7, 11, 1, 4, 2, 1, 1, 2, 11, 6, 10, 11, 2, 7, 6, 10, 10, 2, 4, 7, 1, 5, 1, 2, 3, 3, 11, 7, 7, 5] f(x) = 0.1312151418060993
Best solution in generation 33 is: x = [10, 3, 6, 7, 10, 2, 2, 1, 10, 2, 10, 1, 11, 2, 1, 7, 11, 3, 7, 9, 11, 7, 4, 2, 7, 3, 3, 3, 11, 5, 3, 3, 7, 11, 1, 4, 2, 1, 1, 2, 11, 6, 10, 11, 2, 7, 6, 10, 10, 2, 4, 7, 1, 5, 1, 2, 2, 3, 11, 7, 7, 5] f(x) = 0.13716822910486118
Best solution in generation 34 is: x = [10, 3, 6, 7, 10, 2, 2, 1, 10, 2, 10, 1, 11, 2, 1, 7, 11, 3, 7, 9, 11, 7, 4, 2, 7, 3, 3, 3, 11, 5, 3, 3, 7, 11, 1, 4, 2, 1, 1, 2, 11, 6, 10, 11, 2, 7, 6, 10, 10, 2, 4, 7, 1, 5, 1, 2, 2, 3, 11, 7, 7, 5] f(x) = 0.13716822910486118
Best solution in generation 35 is: x = [10, 3, 6, 7, 10, 2, 2, 1, 10, 2, 10, 1, 11, 2, 1, 7, 11, 3, 7, 9, 11, 7, 4, 2, 7, 3, 3, 3, 11, 5, 3, 3, 7, 11, 1, 4, 2, 1, 1, 2, 11, 6, 10, 11, 2, 7, 6, 10, 10, 2, 4, 7, 1, 5, 1, 2, 2, 3, 11, 7, 7, 5] f(x) = 0.13716822910486118
Best solution in generation 36 is: x = [10, 3, 6, 7, 10, 2, 2, 1, 10, 2, 10, 1, 11, 2, 1, 7, 11, 3, 7, 9, 11, 7, 4, 2, 7, 3, 3, 3, 11, 5, 3, 3, 7, 11, 1, 4, 2, 1, 1, 2, 11, 6, 10, 11, 2, 7, 6, 10, 10, 2, 4, 7, 1, 5, 1, 2, 2, 3, 11, 7, 7, 5] f(x) = 0.13716822910486118
Best solution in generation 37 is: x = [10, 3, 6, 10, 1, 2, 2, 1, 10, 2, 6, 1, 11, 2, 1, 7, 11, 3, 7, 5, 7, 1, 4, 2, 1, 3, 3, 3, 11, 5, 3, 3, 7, 11, 1, 4, 2, 1, 11, 2, 11, 6, 10, 11, 2, 7, 6, 10, 9, 2, 4, 1, 1, 5, 1, 2, 2, 2, 11, 7, 7, 5] f(x) = 0.13724733989952917
Best solution in generation 38 is: x = [10, 3, 6, 7, 7, 2, 2, 1, 10, 2, 10, 1, 11, 2, 1, 7, 11, 3, 7, 6, 11, 7, 4, 2, 7, 3, 3, 3, 11, 5, 3, 3, 7, 11, 1, 4, 2, 1, 1, 2, 11, 6, 10, 11, 2, 7, 6, 10, 10, 2, 4, 7, 1, 5, 1, 2, 2, 3, 11, 7, 7, 5] f(x) = 0.13981844072623686
Best solution in generation 39 is: x = [10, 3, 6, 7, 7, 2, 2, 1, 10, 2, 10, 1, 11, 2, 1, 7, 11, 3, 7, 6, 11, 7, 4, 2, 7, 3, 3, 3, 11, 5, 3, 3, 7, 11, 1, 4, 2, 1, 1, 2, 11, 6, 10, 11, 2, 7, 6, 10, 10, 2, 4, 7, 1, 5, 1, 2, 2, 3, 11, 7, 7, 5] f(x) = 0.13981844072623686
Best solution in generation 40 is: x = [10, 3, 2, 10, 5, 2, 2, 8, 10, 2, 10, 1, 11, 2, 1, 7, 11, 3, 7, 3, 7, 7, 4, 2, 1, 3, 3, 3, 11, 5, 3, 11, 2, 11, 1, 4, 2, 1, 11, 2, 11, 6, 10, 11, 2, 7, 6, 10, 10, 2, 4, 7, 1, 5, 3, 6, 2, 3, 11, 7, 7, 5] f(x) = 0.1465428582730112
Best solution in generation 41 is: x = [10, 3, 6, 7, 8, 2, 2, 1, 10, 2, 6, 1, 11, 2, 1, 7, 11, 3, 7, 5, 11, 7, 3, 2, 1, 3, 3, 3, 11, 5, 4, 3, 7, 11, 1, 4, 2, 1, 11, 2, 11, 6, 10, 11, 10, 7, 6, 10, 5, 2, 4, 7, 1, 5, 1, 2, 2, 2, 11, 7, 7, 5] f(x) = 0.14794707487836695
Best solution in generation 42 is: x = [10, 3, 6, 7, 6, 2, 2, 5, 10, 2, 10, 1, 11, 2, 1, 7, 7, 3, 7, 3, 7, 7, 4, 2, 7, 3, 3, 3, 11, 7, 3, 3, 4, 11, 1, 4, 2, 1, 1, 2, 11, 6, 10, 11, 2, 7, 6, 10, 10, 2, 4, 7, 1, 5, 3, 3, 1, 2, 11, 7, 7, 5] f(x) = 0.1576183695265217
Best solution in generation 43 is: x = [10, 3, 6, 7, 6, 2, 2, 5, 10, 2, 10, 1, 11, 2, 1, 7, 7, 3, 7, 3, 7, 7, 4, 2, 7, 3, 3, 3, 11, 7, 3, 3, 7, 11, 1, 4, 2, 1, 1, 2, 11, 6, 10, 11, 2, 7, 6, 10, 10, 6, 4, 7, 1, 5, 3, 3, 1, 2, 11, 7, 7, 5] f(x) = 0.16307701435860894
Best solution in generation 44 is: x = [10, 3, 6, 7, 6, 2, 2, 5, 10, 2, 10, 1, 11, 2, 1, 7, 7, 3, 7, 3, 7, 7, 4, 2, 7, 3, 3, 3, 11, 7, 3, 3, 7, 11, 1, 4, 2, 1, 1, 2, 11, 6, 10, 11, 2, 7, 6, 10, 10, 6, 4, 7, 1, 5, 3, 3, 1, 2, 11, 7, 7, 5] f(x) = 0.16307701435860894
Best solution in generation 45 is: x = [10, 3, 6, 7, 6, 2, 2, 5, 10, 2, 10, 1, 11, 2, 1, 7, 7, 3, 7, 3, 7, 7, 4, 2, 7, 3, 3, 3, 11, 7, 3, 3, 7, 11, 1, 4, 2, 1, 1, 2, 11, 6, 10, 11, 2, 7, 6, 10, 10, 6, 4, 7, 1, 5, 3, 3, 1, 2, 11, 7, 7, 5] f(x) = 0.16307701435860894
Best solution in generation 46 is: x = [10, 3, 6, 7, 6, 2, 2, 5, 10, 2, 10, 1, 11, 2, 1, 7, 7, 3, 7, 3, 7, 7, 4, 2, 7, 3, 3, 3, 11, 7, 3, 3, 7, 11, 1, 4, 2, 1, 1, 2, 11, 6, 10, 11, 2, 7, 6, 10, 10, 6, 4, 7, 1, 5, 3, 3, 1, 2, 11, 7, 7, 5] f(x) = 0.16307701435860894
Best solution in generation 47 is: x = [10, 3, 6, 7, 6, 2, 2, 5, 10, 2, 10, 1, 11, 2, 1, 7, 7, 3, 7, 3, 7, 7, 4, 2, 7, 3, 3, 3, 11, 7, 3, 3, 7, 11, 1, 4, 2, 1, 1, 2, 11, 6, 10, 11, 2, 7, 6, 10, 10, 6, 4, 7, 1, 5, 3, 3, 1, 2, 11, 7, 7, 5] f(x) = 0.16307701435860894
Best solution in generation 48 is: x = [10, 3, 6, 7, 6, 2, 2, 5, 10, 2, 10, 1, 11, 2, 1, 7, 7, 3, 7, 3, 7, 7, 4, 2, 7, 3, 3, 3, 11, 7, 3, 3, 7, 11, 1, 4, 2, 1, 1, 2, 11, 6, 10, 11, 2, 7, 6, 10, 10, 6, 4, 7, 1, 5, 3, 3, 1, 2, 11, 7, 7, 5] f(x) = 0.16307701435860894
Best solution in generation 49 is: x = [10, 3, 6, 7, 6, 2, 2, 5, 10, 2, 10, 1, 11, 2, 1, 7, 7, 3, 7, 3, 7, 7, 4, 2, 7, 3, 3, 3, 11, 7, 3, 3, 7, 11, 1, 4, 2, 1, 1, 2, 11, 6, 10, 11, 2, 7, 6, 10, 10, 6, 4, 7, 1, 5, 3, 3, 1, 2, 11, 7, 7, 5] f(x) = 0.16307701435860894
Best solution in generation 50 is: x = [10, 3, 6, 7, 6, 2, 2, 5, 10, 2, 10, 1, 11, 2, 1, 7, 7, 3, 7, 3, 7, 7, 4, 2, 7, 3, 3, 3, 11, 7, 3, 3, 7, 11, 1, 4, 2, 1, 1, 2, 11, 6, 10, 11, 2, 7, 6, 10, 10, 6, 4, 7, 1, 5, 3, 3, 1, 2, 11, 7, 7, 5] f(x) = 0.16307701435860894
Best solution in generation 51 is: x = [10, 3, 6, 7, 6, 2, 2, 5, 10, 2, 10, 1, 11, 2, 1, 7, 7, 3, 7, 3, 7, 7, 4, 2, 7, 3, 3, 3, 11, 7, 3, 3, 7, 11, 1, 4, 2, 1, 11, 2, 11, 6, 10, 11, 2, 7, 6, 10, 10, 6, 4, 7, 1, 5, 3, 3, 1, 2, 11, 7, 7, 5] f(x) = 0.16669633321466687
Best solution in generation 52 is: x = [10, 3, 6, 7, 6, 2, 2, 5, 10, 2, 10, 1, 11, 2, 1, 7, 7, 3, 7, 3, 7, 7, 4, 2, 7, 3, 3, 3, 11, 7, 3, 3, 7, 11, 1, 4, 2, 1, 11, 2, 11, 6, 10, 11, 2, 7, 6, 10, 10, 6, 4, 7, 1, 5, 3, 3, 1, 2, 11, 7, 7, 5] f(x) = 0.16669633321466687
Best solution in generation 53 is: x = [10, 3, 6, 7, 6, 2, 2, 5, 10, 2, 10, 1, 11, 2, 1, 7, 7, 3, 7, 3, 7, 7, 4, 2, 7, 3, 3, 3, 11, 7, 3, 3, 7, 11, 1, 4, 2, 1, 11, 2, 11, 6, 10, 11, 2, 7, 6, 10, 10, 6, 4, 7, 1, 5, 3, 3, 1, 2, 11, 7, 7, 5] f(x) = 0.16669633321466687
Best solution in generation 54 is: x = [10, 3, 6, 7, 6, 2, 2, 5, 10, 2, 10, 1, 11, 2, 1, 7, 4, 3, 7, 3, 7, 7, 4, 2, 7, 3, 3, 3, 11, 7, 3, 3, 7, 11, 1, 4, 2, 1, 11, 2, 11, 6, 10, 11, 2, 7, 6, 10, 10, 6, 4, 7, 1, 5, 3, 3, 1, 2, 11, 7, 7, 5] f(x) = 0.17045409596139366
Best solution in generation 55 is: x = [10, 3, 6, 7, 6, 2, 2, 5, 10, 2, 10, 1, 11, 2, 1, 7, 7, 3, 7, 3, 7, 7, 4, 2, 7, 3, 3, 3, 11, 7, 3, 3, 7, 11, 1, 4, 2, 1, 11, 2, 11, 3, 10, 11, 2, 7, 6, 10, 10, 6, 4, 7, 1, 5, 3, 9, 2, 2, 11, 7, 7, 5] f(x) = 0.17868161860685872
Best solution in generation 56 is: x = [10, 3, 6, 7, 6, 2, 2, 5, 10, 2, 10, 1, 11, 2, 1, 7, 7, 3, 7, 3, 7, 7, 4, 2, 7, 3, 3, 3, 11, 7, 3, 3, 7, 11, 1, 4, 2, 1, 11, 2, 11, 3, 10, 11, 2, 7, 6, 10, 10, 6, 4, 7, 1, 5, 3, 9, 2, 2, 11, 7, 7, 5] f(x) = 0.17868161860685872
Best solution in generation 57 is: x = [10, 3, 6, 7, 6, 2, 2, 5, 10, 2, 10, 1, 11, 2, 1, 7, 7, 3, 7, 3, 7, 7, 4, 2, 7, 3, 3, 3, 11, 7, 3, 3, 7, 11, 1, 4, 2, 1, 11, 2, 11, 3, 10, 11, 2, 7, 6, 10, 2, 6, 4, 7, 1, 5, 3, 9, 2, 2, 11, 7, 7, 5] f(x) = 0.18158894031090517
Best solution in generation 58 is: x = [10, 3, 6, 7, 6, 2, 2, 5, 10, 2, 10, 1, 11, 2, 1, 7, 7, 3, 7, 3, 7, 7, 4, 2, 7, 3, 3, 3, 11, 7, 3, 3, 7, 11, 1, 4, 2, 1, 11, 2, 11, 3, 10, 11, 7, 7, 8, 10, 10, 6, 4, 7, 1, 5, 3, 7, 2, 2, 11, 7, 7, 5] f(x) = 0.18506981527629426
Best solution in generation 59 is: x = [10, 3, 6, 7, 6, 2, 2, 5, 10, 2, 10, 1, 11, 2, 1, 7, 7, 3, 7, 3, 7, 7, 4, 2, 7, 3, 3, 3, 11, 7, 3, 3, 7, 11, 1, 4, 2, 1, 11, 2, 11, 3, 10, 11, 7, 7, 8, 10, 10, 6, 4, 7, 1, 5, 3, 7, 2, 2, 11, 7, 7, 5] f(x) = 0.18506981527629426
Best solution in generation 60 is: x = [10, 3, 6, 7, 6, 2, 2, 5, 10, 2, 10, 1, 11, 2, 1, 7, 7, 3, 7, 3, 7, 7, 4, 2, 7, 3, 3, 3, 11, 7, 3, 3, 7, 11, 1, 4, 2, 1, 11, 2, 11, 3, 10, 11, 7, 7, 8, 10, 10, 6, 4, 7, 1, 5, 3, 7, 2, 2, 11, 7, 7, 5] f(x) = 0.18506981527629426
Best solution in generation 61 is: x = [10, 3, 6, 7, 6, 2, 2, 5, 10, 2, 10, 1, 11, 2, 1, 7, 7, 3, 7, 3, 7, 7, 4, 2, 7, 3, 3, 3, 11, 7, 3, 3, 7, 11, 1, 4, 2, 1, 11, 2, 11, 3, 10, 11, 7, 7, 8, 10, 10, 6, 4, 7, 1, 5, 3, 7, 2, 2, 11, 7, 7, 5] f(x) = 0.18506981527629426
Best solution in generation 62 is: x = [10, 3, 6, 7, 6, 2, 2, 3, 7, 2, 10, 1, 11, 2, 1, 7, 7, 3, 7, 3, 7, 7, 4, 2, 5, 3, 3, 3, 11, 7, 3, 3, 7, 11, 1, 4, 2, 11, 11, 2, 11, 3, 10, 11, 2, 7, 6, 10, 10, 6, 4, 7, 1, 5, 3, 9, 2, 2, 11, 7, 7, 5] f(x) = 0.18843202404968143
Best solution in generation 63 is: x = [10, 3, 6, 7, 6, 2, 2, 3, 7, 2, 10, 6, 11, 2, 1, 7, 7, 3, 7, 3, 7, 7, 4, 2, 5, 3, 3, 3, 11, 7, 3, 3, 7, 11, 1, 4, 2, 11, 11, 2, 11, 3, 10, 11, 2, 7, 6, 10, 10, 6, 4, 7, 1, 5, 3, 9, 2, 2, 11, 7, 7, 5] f(x) = 0.18857046794035032
Best solution in generation 64 is: x = [10, 3, 6, 7, 6, 2, 2, 3, 7, 2, 10, 6, 11, 2, 1, 7, 7, 3, 7, 3, 7, 7, 4, 2, 5, 3, 3, 3, 11, 7, 3, 3, 7, 11, 1, 4, 2, 11, 11, 2, 11, 3, 10, 11, 2, 7, 6, 10, 10, 6, 4, 7, 1, 5, 3, 9, 2, 2, 11, 7, 7, 5] f(x) = 0.18857046794035032
Best solution in generation 65 is: x = [10, 3, 6, 7, 6, 2, 2, 3, 7, 2, 10, 6, 11, 2, 1, 7, 7, 3, 7, 3, 7, 7, 4, 2, 5, 3, 3, 3, 11, 7, 3, 3, 7, 11, 1, 4, 2, 11, 11, 2, 11, 3, 10, 11, 2, 7, 6, 10, 10, 6, 4, 7, 1, 5, 3, 9, 2, 2, 11, 7, 7, 5] f(x) = 0.18857046794035032
Best solution in generation 66 is: x = [10, 3, 6, 7, 6, 2, 2, 3, 7, 2, 10, 6, 11, 2, 1, 7, 7, 3, 7, 3, 7, 7, 4, 2, 5, 3, 3, 3, 4, 7, 3, 3, 7, 11, 1, 4, 2, 11, 11, 2, 11, 3, 10, 11, 2, 7, 6, 10, 10, 6, 4, 7, 1, 5, 3, 9, 2, 2, 11, 7, 7, 5] f(x) = 0.18924290969502772
Best solution in generation 67 is: x = [10, 3, 9, 7, 7, 2, 2, 3, 10, 2, 10, 1, 11, 2, 1, 7, 11, 3, 7, 3, 7, 7, 3, 2, 7, 3, 3, 3, 11, 7, 3, 3, 7, 11, 2, 7, 2, 1, 11, 2, 11, 6, 10, 11, 2, 7, 7, 10, 2, 2, 5, 7, 11, 5, 3, 9, 2, 2, 11, 7, 7, 5] f(x) = 0.19934931371385578
Best solution in generation 68 is: x = [10, 3, 9, 7, 7, 2, 2, 3, 7, 2, 10, 1, 11, 2, 1, 7, 11, 3, 7, 3, 7, 7, 3, 2, 7, 3, 3, 3, 11, 7, 3, 3, 7, 11, 2, 7, 2, 1, 11, 2, 11, 6, 10, 11, 2, 7, 7, 10, 2, 2, 5, 7, 11, 5, 3, 9, 2, 2, 10, 7, 7, 5] f(x) = 0.20581662117795943
Best solution in generation 69 is: x = [10, 3, 9, 7, 7, 2, 2, 3, 7, 2, 10, 1, 11, 2, 1, 7, 11, 3, 7, 3, 7, 7, 3, 2, 7, 3, 3, 3, 11, 7, 3, 3, 7, 11, 2, 7, 2, 1, 11, 2, 11, 6, 10, 11, 2, 7, 7, 10, 2, 2, 5, 7, 11, 5, 3, 9, 2, 2, 10, 7, 7, 5] f(x) = 0.20581662117795943
Best solution in generation 70 is: x = [10, 3, 9, 7, 7, 2, 2, 3, 7, 2, 10, 1, 11, 2, 1, 7, 11, 3, 7, 3, 7, 7, 3, 2, 7, 3, 3, 3, 11, 7, 3, 3, 7, 11, 2, 7, 2, 1, 11, 2, 11, 6, 10, 11, 2, 7, 7, 10, 2, 2, 5, 7, 11, 5, 3, 9, 2, 2, 10, 7, 7, 5] f(x) = 0.20581662117795943
Best solution in generation 71 is: x = [10, 3, 9, 7, 7, 2, 2, 3, 7, 2, 10, 1, 11, 2, 1, 7, 11, 3, 7, 3, 7, 7, 3, 2, 7, 3, 3, 3, 11, 7, 3, 3, 2, 11, 2, 4, 2, 11, 11, 2, 11, 6, 10, 8, 7, 7, 7, 10, 2, 2, 5, 7, 11, 5, 3, 9, 2, 2, 10, 7, 7, 9] f(x) = 0.20619239745263235
Best solution in generation 72 is: x = [10, 3, 9, 7, 7, 2, 2, 3, 7, 2, 10, 1, 11, 2, 1, 7, 11, 3, 7, 3, 7, 7, 3, 2, 7, 3, 3, 3, 10, 7, 3, 3, 2, 11, 2, 4, 2, 11, 11, 2, 11, 6, 10, 11, 7, 7, 7, 10, 2, 2, 5, 7, 11, 5, 3, 9, 2, 2, 10, 7, 7, 9] f(x) = 0.21833590443415998
Best solution in generation 73 is: x = [10, 3, 9, 7, 7, 2, 2, 3, 7, 2, 10, 1, 11, 2, 1, 7, 11, 3, 7, 3, 7, 7, 3, 2, 7, 3, 3, 3, 10, 7, 3, 3, 2, 11, 2, 4, 2, 11, 11, 2, 11, 6, 10, 11, 7, 7, 7, 10, 2, 2, 5, 7, 11, 5, 3, 9, 2, 2, 10, 7, 7, 9] f(x) = 0.21833590443415998
Best solution in generation 74 is: x = [10, 3, 9, 7, 7, 2, 2, 3, 7, 2, 10, 1, 11, 2, 1, 7, 11, 3, 7, 3, 7, 7, 3, 2, 7, 3, 3, 3, 10, 7, 3, 3, 2, 11, 2, 4, 2, 11, 11, 2, 11, 6, 10, 11, 7, 7, 7, 10, 2, 2, 5, 7, 11, 5, 3, 9, 2, 2, 10, 7, 7, 9] f(x) = 0.21833590443415998
Best solution in generation 75 is: x = [10, 3, 9, 7, 7, 2, 2, 3, 7, 2, 10, 1, 11, 2, 1, 7, 11, 3, 7, 3, 7, 7, 3, 2, 7, 3, 3, 3, 10, 7, 3, 3, 2, 11, 2, 4, 2, 11, 11, 2, 11, 6, 10, 11, 7, 7, 7, 10, 2, 2, 5, 7, 11, 5, 3, 9, 2, 2, 10, 7, 7, 9] f(x) = 0.21833590443415998
Best solution in generation 76 is: x = [10, 3, 9, 7, 7, 2, 2, 3, 7, 2, 10, 1, 11, 2, 1, 7, 11, 3, 7, 3, 7, 7, 3, 2, 7, 3, 3, 3, 10, 7, 3, 3, 2, 11, 2, 4, 2, 11, 11, 2, 11, 6, 10, 11, 7, 7, 7, 10, 2, 2, 5, 7, 11, 5, 3, 9, 2, 2, 10, 7, 7, 9] f(x) = 0.21833590443415998
Best solution in generation 77 is: x = [10, 3, 9, 7, 7, 2, 2, 3, 7, 2, 10, 1, 11, 2, 1, 7, 11, 3, 7, 3, 7, 7, 3, 2, 7, 3, 3, 3, 10, 7, 3, 3, 2, 11, 2, 4, 2, 11, 11, 2, 11, 6, 10, 11, 7, 7, 7, 10, 2, 2, 5, 7, 11, 5, 3, 9, 2, 2, 10, 7, 7, 9] f(x) = 0.21833590443415998
Best solution in generation 78 is: x = [10, 3, 9, 7, 7, 2, 2, 3, 7, 2, 10, 1, 11, 2, 1, 7, 11, 3, 7, 3, 7, 7, 3, 2, 7, 3, 3, 3, 10, 7, 3, 3, 2, 11, 2, 4, 2, 11, 11, 2, 11, 6, 10, 11, 7, 7, 7, 10, 2, 2, 5, 7, 11, 5, 3, 9, 2, 2, 10, 7, 7, 9] f(x) = 0.21833590443415998
Best solution in generation 79 is: x = [10, 3, 9, 7, 7, 2, 2, 3, 7, 2, 10, 1, 11, 2, 1, 7, 11, 3, 7, 3, 7, 7, 3, 2, 7, 3, 3, 3, 10, 7, 3, 3, 2, 11, 2, 4, 2, 11, 11, 2, 11, 6, 10, 11, 7, 7, 7, 10, 2, 2, 5, 7, 11, 5, 3, 9, 2, 2, 10, 7, 7, 9] f(x) = 0.21833590443415998
Best solution in generation 80 is: x = [10, 3, 9, 7, 7, 2, 2, 3, 7, 2, 10, 1, 11, 2, 1, 7, 11, 3, 7, 3, 7, 7, 3, 2, 7, 3, 3, 3, 10, 7, 3, 3, 2, 11, 2, 4, 2, 11, 11, 2, 11, 6, 10, 11, 7, 7, 7, 10, 2, 2, 5, 7, 11, 5, 3, 9, 2, 2, 10, 7, 7, 9] f(x) = 0.21833590443415998
Best solution in generation 81 is: x = [10, 3, 9, 7, 7, 2, 2, 3, 7, 2, 10, 1, 11, 2, 1, 7, 11, 3, 7, 3, 7, 7, 3, 2, 7, 3, 3, 3, 10, 7, 3, 3, 2, 11, 2, 4, 2, 11, 11, 2, 11, 6, 10, 11, 7, 7, 7, 10, 2, 2, 5, 7, 11, 5, 3, 9, 2, 2, 10, 7, 7, 9] f(x) = 0.21833590443415998
Best solution in generation 82 is: x = [10, 3, 9, 7, 7, 2, 2, 3, 7, 2, 10, 1, 11, 2, 1, 7, 11, 3, 7, 3, 7, 7, 3, 2, 7, 3, 3, 3, 10, 7, 3, 3, 2, 11, 2, 4, 2, 11, 11, 2, 11, 6, 10, 11, 7, 7, 7, 10, 2, 2, 5, 7, 11, 5, 3, 9, 2, 2, 10, 7, 7, 9] f(x) = 0.21833590443415998
Best solution in generation 83 is: x = [10, 3, 9, 7, 7, 2, 2, 3, 7, 2, 10, 1, 11, 2, 1, 7, 11, 3, 7, 3, 7, 7, 3, 2, 7, 3, 3, 3, 10, 7, 3, 3, 2, 11, 2, 4, 2, 11, 11, 2, 11, 6, 10, 11, 7, 7, 7, 10, 2, 2, 5, 7, 11, 5, 3, 9, 2, 2, 10, 7, 7, 9] f(x) = 0.21833590443415998
Best solution in generation 84 is: x = [10, 3, 9, 7, 7, 2, 2, 3, 7, 2, 10, 1, 11, 2, 1, 7, 11, 3, 7, 3, 7, 7, 3, 2, 7, 3, 3, 3, 10, 7, 3, 3, 2, 11, 2, 4, 2, 11, 11, 2, 11, 6, 10, 11, 7, 7, 7, 10, 2, 2, 5, 7, 11, 5, 3, 9, 2, 2, 10, 7, 7, 9] f(x) = 0.21833590443415998
Best solution in generation 85 is: x = [10, 3, 9, 7, 7, 2, 2, 3, 7, 2, 10, 1, 11, 2, 1, 7, 11, 3, 7, 3, 7, 7, 3, 2, 7, 3, 3, 3, 10, 7, 3, 3, 2, 11, 2, 4, 2, 11, 11, 2, 11, 6, 10, 11, 7, 7, 7, 10, 2, 2, 5, 7, 11, 5, 3, 9, 2, 2, 10, 7, 7, 9] f(x) = 0.21833590443415998
Best solution in generation 86 is: x = [10, 3, 9, 7, 7, 2, 2, 3, 7, 2, 10, 1, 11, 2, 1, 7, 11, 3, 7, 3, 7, 7, 3, 2, 7, 3, 3, 3, 10, 7, 3, 3, 2, 11, 2, 4, 2, 11, 11, 2, 11, 6, 10, 11, 7, 7, 7, 10, 2, 2, 5, 7, 11, 5, 3, 9, 2, 2, 10, 7, 7, 9] f(x) = 0.21833590443415998
Best solution in generation 87 is: x = [10, 3, 9, 7, 7, 2, 2, 3, 7, 2, 10, 9, 11, 2, 1, 7, 11, 3, 7, 3, 7, 7, 3, 2, 7, 3, 3, 3, 10, 7, 3, 3, 2, 11, 2, 4, 2, 11, 11, 2, 11, 6, 10, 11, 7, 7, 7, 10, 2, 2, 5, 7, 11, 5, 3, 9, 2, 2, 10, 7, 7, 9] f(x) = 0.2184545706261619
Best solution in generation 88 is: x = [10, 3, 9, 7, 7, 2, 2, 3, 7, 2, 10, 9, 11, 2, 1, 7, 11, 3, 7, 3, 7, 7, 3, 2, 7, 3, 3, 3, 10, 7, 3, 3, 2, 11, 2, 4, 2, 11, 11, 2, 11, 6, 10, 11, 7, 7, 7, 10, 2, 2, 5, 7, 11, 5, 3, 9, 2, 2, 10, 7, 7, 9] f(x) = 0.2184545706261619
Best solution in generation 89 is: x = [10, 3, 9, 7, 7, 2, 2, 3, 7, 2, 10, 9, 11, 2, 1, 7, 11, 3, 7, 3, 7, 7, 3, 2, 7, 3, 3, 3, 10, 7, 3, 3, 2, 11, 2, 4, 2, 11, 11, 2, 11, 6, 10, 11, 7, 7, 7, 10, 2, 2, 5, 7, 11, 10, 3, 9, 2, 2, 11, 7, 7, 9] f(x) = 0.22136189233020825
Best solution in generation 90 is: x = [10, 3, 9, 7, 7, 2, 2, 3, 7, 2, 10, 1, 11, 2, 1, 7, 11, 3, 7, 3, 7, 7, 3, 2, 7, 3, 3, 3, 11, 7, 3, 3, 2, 11, 2, 7, 2, 11, 11, 2, 11, 3, 10, 11, 7, 7, 7, 10, 2, 2, 10, 7, 11, 11, 3, 9, 4, 2, 10, 7, 4, 9] f(x) = 0.2224298880582252
Best solution in generation 91 is: x = [10, 3, 9, 7, 7, 2, 2, 3, 7, 2, 10, 1, 11, 2, 1, 7, 11, 3, 7, 3, 7, 7, 3, 2, 7, 3, 3, 3, 11, 7, 3, 3, 2, 11, 2, 7, 2, 11, 11, 2, 11, 3, 10, 11, 7, 7, 7, 10, 2, 2, 10, 7, 11, 11, 3, 9, 4, 2, 10, 7, 4, 9] f(x) = 0.2224298880582252
Best solution in generation 92 is: x = [10, 3, 9, 7, 7, 2, 2, 3, 7, 2, 10, 1, 11, 2, 1, 7, 11, 3, 7, 3, 7, 7, 3, 2, 7, 3, 3, 3, 11, 7, 3, 3, 2, 11, 2, 7, 2, 11, 11, 2, 11, 3, 10, 11, 7, 7, 7, 10, 2, 2, 10, 7, 11, 11, 3, 9, 4, 2, 10, 7, 4, 9] f(x) = 0.2224298880582252
Best solution in generation 93 is: x = [10, 3, 9, 7, 7, 2, 2, 3, 7, 2, 10, 1, 11, 2, 1, 7, 11, 3, 7, 3, 7, 7, 3, 2, 7, 3, 3, 3, 11, 7, 3, 3, 2, 11, 2, 7, 2, 11, 11, 2, 11, 3, 10, 11, 7, 7, 7, 10, 2, 2, 10, 7, 11, 11, 3, 9, 4, 2, 10, 7, 4, 9] f(x) = 0.2224298880582252
Best solution in generation 94 is: x = [10, 3, 10, 7, 7, 2, 2, 3, 7, 2, 10, 1, 11, 2, 2, 7, 11, 3, 7, 3, 4, 7, 3, 2, 7, 3, 3, 3, 6, 7, 3, 3, 2, 11, 2, 7, 2, 11, 11, 2, 11, 3, 10, 11, 7, 7, 7, 10, 2, 2, 10, 7, 11, 11, 3, 7, 4, 2, 10, 7, 4, 9] f(x) = 0.22387366006091491
Best solution in generation 95 is: x = [10, 3, 10, 7, 7, 2, 2, 3, 7, 2, 10, 1, 11, 2, 2, 7, 11, 3, 7, 3, 4, 7, 3, 2, 7, 3, 3, 3, 6, 7, 3, 3, 2, 11, 2, 7, 2, 11, 11, 2, 11, 3, 10, 11, 7, 7, 7, 10, 2, 2, 10, 7, 11, 11, 3, 7, 4, 2, 10, 7, 4, 9] f(x) = 0.22387366006091491
Best solution in generation 96 is: x = [10, 3, 10, 7, 7, 2, 2, 3, 7, 2, 10, 1, 11, 2, 2, 7, 11, 3, 7, 3, 4, 7, 3, 2, 7, 3, 3, 3, 6, 7, 3, 3, 2, 11, 2, 7, 2, 11, 11, 2, 11, 3, 10, 11, 7, 7, 7, 10, 2, 2, 10, 7, 11, 11, 3, 7, 4, 2, 10, 7, 4, 9] f(x) = 0.22387366006091491
Best solution in generation 97 is: x = [10, 3, 10, 7, 7, 2, 2, 3, 7, 2, 10, 1, 11, 2, 2, 7, 11, 3, 7, 3, 4, 7, 3, 5, 7, 3, 3, 3, 6, 7, 3, 9, 2, 11, 2, 7, 5, 11, 11, 2, 11, 3, 10, 11, 7, 7, 7, 10, 2, 2, 10, 7, 11, 11, 3, 7, 2, 2, 10, 7, 4, 9] f(x) = 0.2288576401249948
Best solution in generation 98 is: x = [10, 3, 10, 7, 7, 2, 2, 3, 7, 2, 10, 1, 11, 2, 2, 7, 11, 3, 7, 3, 4, 7, 3, 5, 7, 3, 3, 3, 6, 7, 3, 9, 2, 11, 2, 7, 5, 11, 11, 2, 11, 3, 10, 11, 7, 7, 7, 10, 2, 2, 10, 7, 11, 11, 3, 7, 2, 2, 10, 7, 4, 9] f(x) = 0.2288576401249948
Best solution in generation 99 is: x = [10, 3, 10, 7, 7, 2, 2, 3, 7, 2, 10, 1, 11, 2, 2, 7, 11, 3, 7, 3, 10, 7, 9, 2, 7, 3, 3, 3, 10, 7, 3, 3, 2, 11, 2, 7, 2, 11, 11, 2, 11, 3, 10, 11, 7, 7, 7, 10, 2, 2, 10, 7, 11, 11, 3, 7, 4, 2, 10, 7, 4, 9] f(x) = 0.23053874451168832
Best solution in generation 100 is: x = [10, 3, 10, 7, 7, 2, 2, 3, 7, 2, 10, 1, 11, 2, 2, 7, 11, 3, 7, 3, 4, 7, 3, 5, 7, 3, 3, 3, 6, 7, 3, 9, 2, 11, 2, 7, 5, 11, 11, 2, 11, 3, 10, 11, 7, 7, 2, 10, 2, 2, 10, 7, 11, 11, 3, 7, 2, 2, 10, 7, 4, 8] f(x) = 0.23204184961037913
Best solution in generation 101 is: x = [10, 3, 10, 7, 7, 2, 2, 3, 7, 2, 10, 1, 11, 2, 2, 7, 11, 3, 7, 3, 4, 7, 3, 5, 7, 3, 3, 3, 6, 7, 3, 9, 2, 11, 2, 7, 5, 11, 11, 2, 11, 3, 10, 11, 7, 7, 2, 10, 2, 2, 10, 7, 11, 11, 3, 7, 2, 2, 10, 7, 4, 8] f(x) = 0.23204184961037913
Best solution in generation 102 is: x = [10, 3, 10, 7, 7, 2, 2, 3, 7, 2, 10, 1, 11, 2, 2, 7, 11, 3, 7, 3, 10, 7, 9, 2, 7, 3, 3, 3, 10, 7, 3, 3, 2, 11, 2, 7, 7, 11, 11, 2, 11, 3, 10, 11, 7, 7, 7, 10, 2, 2, 10, 7, 11, 11, 3, 7, 2, 2, 10, 7, 4, 9] f(x) = 0.23368339859973863
Best solution in generation 103 is: x = [10, 3, 10, 7, 7, 2, 2, 3, 7, 2, 10, 1, 11, 2, 2, 7, 11, 3, 7, 3, 10, 7, 9, 2, 7, 3, 3, 3, 10, 7, 3, 3, 2, 11, 2, 7, 7, 11, 11, 2, 11, 3, 10, 11, 7, 7, 7, 10, 2, 2, 10, 7, 11, 11, 3, 7, 2, 2, 10, 7, 4, 9] f(x) = 0.23368339859973863
Best solution in generation 104 is: x = [10, 3, 10, 7, 7, 2, 2, 3, 7, 2, 10, 1, 11, 2, 2, 7, 11, 3, 7, 3, 10, 7, 9, 2, 7, 3, 3, 3, 10, 7, 3, 3, 2, 11, 2, 7, 7, 11, 11, 2, 11, 3, 10, 11, 7, 7, 7, 10, 2, 2, 10, 7, 11, 11, 3, 7, 2, 2, 10, 7, 4, 9] f(x) = 0.23368339859973863
Best solution in generation 105 is: x = [10, 3, 10, 7, 7, 2, 2, 3, 7, 2, 10, 1, 11, 2, 2, 7, 11, 3, 7, 3, 10, 7, 9, 2, 7, 3, 3, 3, 10, 7, 3, 3, 2, 11, 2, 7, 7, 11, 11, 2, 11, 3, 10, 11, 7, 7, 7, 10, 2, 2, 10, 7, 11, 11, 3, 7, 2, 2, 10, 7, 4, 9] f(x) = 0.23368339859973863
Best solution in generation 106 is: x = [10, 3, 10, 7, 7, 2, 2, 3, 7, 2, 10, 1, 11, 2, 4, 7, 11, 3, 7, 3, 10, 7, 9, 2, 7, 3, 3, 3, 10, 7, 3, 3, 2, 11, 2, 7, 7, 11, 11, 2, 11, 3, 10, 11, 7, 7, 7, 10, 2, 2, 10, 7, 11, 11, 3, 7, 2, 2, 10, 7, 4, 9] f(x) = 0.23627427712511345
Best solution in generation 107 is: x = [10, 3, 10, 7, 7, 2, 2, 3, 7, 2, 10, 1, 11, 2, 4, 7, 11, 3, 7, 3, 10, 7, 9, 2, 7, 3, 3, 3, 10, 7, 3, 3, 2, 11, 2, 7, 7, 11, 11, 2, 11, 3, 10, 11, 7, 7, 7, 10, 2, 2, 10, 7, 11, 11, 3, 7, 2, 2, 10, 7, 4, 9] f(x) = 0.23627427712511345
Best solution in generation 108 is: x = [10, 3, 10, 7, 7, 2, 2, 3, 7, 2, 10, 1, 11, 2, 4, 7, 11, 3, 7, 3, 10, 7, 9, 2, 7, 3, 3, 3, 10, 7, 3, 3, 2, 11, 2, 7, 7, 11, 11, 2, 11, 3, 10, 11, 7, 7, 7, 10, 2, 2, 10, 7, 11, 11, 3, 7, 2, 2, 10, 7, 4, 9] f(x) = 0.23627427712511345
Best solution in generation 109 is: x = [10, 3, 10, 7, 7, 2, 2, 3, 7, 2, 10, 1, 11, 2, 4, 7, 11, 3, 7, 3, 10, 7, 9, 1, 7, 3, 3, 3, 10, 7, 3, 3, 2, 11, 2, 7, 7, 11, 11, 2, 11, 3, 10, 11, 7, 7, 7, 10, 2, 2, 10, 7, 11, 11, 3, 7, 2, 2, 10, 7, 4, 9] f(x) = 0.23775760452513728
Best solution in generation 110 is: x = [10, 3, 10, 7, 7, 2, 2, 3, 7, 2, 10, 1, 11, 2, 4, 7, 11, 3, 7, 3, 10, 7, 9, 1, 7, 3, 3, 3, 10, 7, 3, 3, 2, 11, 2, 7, 7, 11, 11, 2, 11, 3, 10, 11, 7, 7, 7, 10, 2, 2, 10, 7, 11, 11, 3, 7, 2, 2, 10, 7, 4, 9] f(x) = 0.23775760452513728
Best solution in generation 111 is: x = [10, 3, 10, 7, 7, 2, 2, 3, 7, 2, 10, 1, 11, 2, 4, 7, 11, 3, 7, 3, 10, 7, 9, 1, 7, 3, 3, 3, 10, 7, 3, 3, 2, 11, 2, 7, 7, 11, 11, 2, 11, 3, 10, 11, 7, 7, 7, 10, 2, 2, 10, 7, 11, 11, 3, 7, 2, 2, 10, 7, 4, 9] f(x) = 0.23775760452513728
Best solution in generation 112 is: x = [10, 3, 10, 7, 7, 2, 2, 3, 7, 2, 10, 1, 11, 2, 4, 7, 11, 3, 7, 3, 10, 7, 9, 1, 7, 3, 3, 3, 10, 7, 3, 3, 2, 11, 2, 7, 7, 11, 11, 2, 11, 3, 10, 11, 7, 7, 7, 10, 2, 2, 10, 7, 11, 11, 3, 7, 2, 2, 10, 7, 4, 9] f(x) = 0.23775760452513728
Best solution in generation 113 is: x = [10, 3, 10, 7, 7, 2, 2, 3, 7, 2, 10, 1, 11, 2, 4, 7, 11, 3, 7, 3, 10, 7, 9, 1, 7, 3, 3, 3, 10, 7, 3, 3, 2, 11, 2, 7, 7, 11, 11, 2, 11, 3, 10, 11, 7, 7, 7, 10, 2, 2, 10, 7, 11, 11, 3, 7, 2, 2, 10, 7, 4, 9] f(x) = 0.23775760452513728
Best solution in generation 114 is: x = [10, 3, 10, 7, 7, 2, 2, 3, 7, 2, 10, 1, 11, 2, 11, 7, 11, 3, 7, 3, 10, 7, 9, 1, 7, 3, 3, 3, 10, 7, 3, 3, 2, 11, 2, 7, 7, 11, 11, 2, 11, 3, 10, 11, 10, 7, 7, 10, 2, 2, 10, 7, 11, 11, 3, 7, 2, 2, 10, 7, 4, 9] f(x) = 0.26131284363751417
Best solution in generation 115 is: x = [10, 3, 10, 7, 7, 2, 2, 3, 7, 2, 10, 1, 11, 2, 11, 7, 11, 3, 7, 3, 10, 7, 9, 1, 7, 3, 3, 3, 10, 7, 3, 3, 2, 11, 2, 7, 7, 11, 11, 2, 11, 3, 10, 11, 10, 7, 7, 10, 2, 2, 10, 7, 11, 11, 3, 7, 2, 2, 10, 7, 4, 9] f(x) = 0.26131284363751417
Best solution in generation 116 is: x = [10, 3, 10, 7, 7, 2, 2, 3, 7, 2, 10, 1, 11, 2, 11, 7, 11, 3, 7, 3, 10, 7, 9, 1, 7, 3, 3, 3, 10, 7, 3, 3, 2, 11, 2, 7, 7, 11, 11, 2, 11, 3, 10, 11, 10, 7, 7, 10, 2, 2, 10, 7, 11, 11, 3, 7, 2, 2, 10, 7, 4, 9] f(x) = 0.26131284363751417
Best solution in generation 117 is: x = [10, 3, 10, 7, 7, 2, 2, 3, 7, 2, 10, 1, 11, 2, 11, 7, 11, 3, 7, 3, 10, 7, 9, 1, 7, 3, 3, 3, 10, 7, 3, 3, 2, 11, 2, 7, 7, 11, 11, 2, 11, 3, 10, 11, 10, 7, 7, 10, 2, 2, 10, 7, 11, 11, 3, 7, 2, 2, 10, 7, 4, 9] f(x) = 0.26131284363751417
Best solution in generation 118 is: x = [10, 3, 10, 7, 7, 2, 2, 3, 7, 2, 10, 1, 11, 2, 11, 7, 11, 3, 7, 3, 10, 7, 9, 1, 7, 3, 3, 3, 10, 7, 3, 3, 2, 11, 2, 7, 10, 11, 11, 2, 11, 3, 10, 11, 10, 7, 7, 10, 2, 2, 10, 7, 11, 11, 3, 7, 2, 2, 10, 7, 4, 9] f(x) = 0.2624995055575331
Best solution in generation 119 is: x = [10, 3, 10, 7, 7, 2, 2, 3, 7, 2, 10, 1, 11, 2, 11, 7, 11, 3, 7, 3, 10, 7, 9, 1, 7, 3, 3, 3, 10, 7, 3, 3, 2, 11, 2, 7, 10, 11, 11, 2, 11, 3, 10, 11, 10, 7, 7, 10, 2, 2, 10, 7, 11, 11, 3, 7, 2, 2, 10, 7, 4, 9] f(x) = 0.2624995055575331
Best solution in generation 120 is: x = [10, 3, 10, 7, 7, 2, 2, 3, 7, 2, 10, 1, 11, 2, 11, 7, 11, 3, 7, 3, 10, 7, 9, 1, 7, 3, 3, 3, 10, 7, 3, 3, 2, 11, 2, 7, 10, 11, 11, 2, 11, 3, 10, 11, 10, 7, 7, 10, 2, 2, 10, 7, 11, 11, 3, 7, 2, 2, 10, 7, 4, 9] f(x) = 0.2624995055575331
Best solution in generation 121 is: x = [10, 3, 10, 7, 7, 2, 2, 3, 7, 2, 10, 1, 11, 2, 11, 7, 11, 3, 7, 3, 10, 7, 9, 1, 7, 3, 3, 3, 10, 7, 3, 3, 2, 11, 2, 7, 10, 11, 11, 2, 11, 3, 10, 11, 10, 7, 7, 10, 2, 2, 10, 7, 11, 11, 3, 7, 2, 2, 10, 7, 4, 9] f(x) = 0.2624995055575331
Best solution in generation 122 is: x = [10, 3, 10, 7, 7, 2, 2, 3, 7, 2, 10, 1, 11, 2, 11, 7, 11, 3, 7, 3, 10, 7, 1, 1, 7, 3, 3, 3, 10, 7, 3, 3, 2, 11, 2, 7, 10, 11, 11, 2, 11, 3, 10, 11, 10, 7, 8, 10, 2, 2, 10, 7, 11, 11, 3, 7, 2, 2, 10, 7, 10, 9] f(x) = 0.26325105810687854
Best solution in generation 123 is: x = [10, 3, 10, 7, 7, 2, 2, 3, 7, 2, 10, 1, 11, 2, 11, 7, 11, 3, 7, 3, 10, 7, 1, 1, 7, 3, 3, 3, 10, 7, 3, 3, 2, 11, 2, 7, 10, 11, 11, 2, 11, 3, 10, 11, 10, 7, 8, 10, 2, 2, 10, 7, 11, 11, 3, 7, 2, 2, 10, 7, 10, 9] f(x) = 0.26325105810687854
Best solution in generation 124 is: x = [10, 3, 10, 7, 7, 2, 2, 3, 7, 2, 10, 1, 11, 2, 11, 7, 11, 3, 7, 3, 10, 7, 1, 1, 7, 3, 3, 3, 10, 7, 3, 3, 2, 11, 2, 7, 10, 11, 11, 2, 11, 3, 10, 11, 10, 7, 8, 10, 2, 2, 10, 7, 11, 11, 3, 7, 2, 2, 10, 7, 10, 9] f(x) = 0.26325105810687854
Best solution in generation 125 is: x = [10, 3, 10, 7, 7, 2, 2, 3, 7, 2, 10, 1, 11, 2, 11, 7, 11, 3, 7, 3, 10, 7, 1, 1, 7, 3, 3, 3, 10, 7, 3, 3, 2, 11, 2, 7, 10, 11, 11, 2, 11, 3, 10, 11, 10, 7, 8, 10, 2, 2, 10, 7, 11, 11, 3, 7, 2, 2, 10, 7, 10, 9] f(x) = 0.26325105810687854
Best solution in generation 126 is: x = [10, 3, 10, 7, 7, 2, 2, 3, 7, 2, 10, 6, 11, 2, 11, 7, 11, 3, 7, 3, 10, 7, 1, 1, 7, 3, 3, 3, 10, 7, 3, 3, 2, 11, 2, 7, 10, 11, 11, 2, 11, 3, 10, 11, 10, 7, 8, 10, 2, 2, 10, 7, 11, 11, 3, 7, 2, 2, 10, 7, 4, 5] f(x) = 0.26331039120287947
Best solution in generation 127 is: x = [10, 3, 10, 7, 7, 2, 2, 3, 7, 2, 10, 6, 11, 2, 11, 7, 11, 3, 7, 3, 10, 7, 1, 1, 7, 3, 3, 3, 10, 7, 3, 3, 2, 11, 2, 7, 10, 11, 11, 2, 11, 3, 10, 11, 10, 7, 8, 10, 2, 2, 10, 7, 11, 11, 3, 7, 2, 2, 10, 7, 4, 5] f(x) = 0.26331039120287947
Best solution in generation 128 is: x = [10, 3, 10, 7, 7, 2, 2, 3, 7, 2, 10, 6, 11, 2, 11, 7, 11, 3, 7, 3, 10, 7, 1, 1, 7, 3, 3, 3, 10, 7, 3, 3, 2, 11, 2, 7, 10, 11, 11, 2, 11, 3, 10, 11, 10, 7, 8, 10, 2, 2, 10, 7, 11, 11, 3, 7, 2, 2, 10, 7, 4, 5] f(x) = 0.26331039120287947
Best solution in generation 129 is: x = [10, 3, 10, 7, 7, 2, 2, 3, 7, 2, 10, 6, 11, 2, 11, 7, 11, 3, 7, 3, 10, 7, 1, 1, 7, 3, 3, 3, 10, 7, 3, 3, 2, 11, 2, 7, 10, 11, 11, 2, 11, 3, 10, 11, 10, 7, 8, 10, 2, 2, 10, 7, 11, 11, 3, 7, 2, 2, 10, 7, 4, 5] f(x) = 0.26331039120287947
Best solution in generation 130 is: x = [10, 3, 10, 7, 7, 2, 2, 3, 7, 2, 10, 6, 11, 2, 11, 7, 11, 3, 7, 3, 10, 7, 1, 1, 7, 3, 3, 3, 10, 7, 3, 3, 2, 11, 2, 7, 10, 11, 11, 2, 11, 3, 10, 11, 10, 7, 8, 10, 2, 2, 10, 7, 11, 11, 3, 7, 2, 2, 10, 7, 4, 5] f(x) = 0.26331039120287947
Best solution in generation 131 is: x = [10, 3, 10, 7, 7, 2, 2, 3, 7, 2, 10, 6, 11, 2, 11, 7, 11, 3, 7, 3, 10, 7, 1, 1, 7, 3, 3, 3, 10, 7, 3, 3, 2, 11, 11, 7, 10, 11, 11, 2, 11, 4, 10, 11, 10, 7, 8, 10, 2, 2, 10, 7, 11, 11, 3, 7, 2, 2, 10, 7, 4, 5] f(x) = 0.2636861674775522
Best solution in generation 132 is: x = [10, 3, 10, 7, 7, 2, 2, 3, 7, 2, 10, 6, 11, 2, 11, 7, 11, 3, 7, 3, 10, 7, 1, 1, 7, 3, 3, 3, 10, 7, 10, 3, 2, 11, 2, 7, 10, 11, 11, 2, 11, 3, 10, 11, 10, 7, 8, 10, 2, 2, 10, 7, 11, 11, 3, 7, 2, 2, 10, 7, 4, 5] f(x) = 0.2663759344962619
Best solution in generation 133 is: x = [10, 3, 10, 7, 7, 2, 2, 3, 7, 2, 10, 6, 11, 2, 11, 7, 11, 3, 7, 3, 10, 7, 1, 1, 7, 3, 3, 3, 10, 7, 3, 3, 2, 11, 11, 7, 10, 11, 11, 2, 11, 3, 10, 11, 10, 7, 8, 10, 2, 10, 10, 7, 11, 11, 3, 7, 2, 2, 10, 7, 4, 5] f(x) = 0.2689470353229696
Best solution in generation 134 is: x = [10, 3, 10, 7, 7, 2, 2, 3, 7, 2, 10, 6, 11, 2, 11, 7, 11, 3, 7, 3, 10, 7, 1, 1, 7, 3, 3, 3, 10, 7, 3, 3, 2, 11, 11, 7, 10, 11, 11, 2, 11, 3, 10, 11, 10, 7, 8, 10, 2, 10, 10, 7, 11, 11, 3, 7, 2, 2, 10, 7, 4, 5] f(x) = 0.2689470353229696
Best solution in generation 135 is: x = [10, 3, 10, 7, 7, 2, 2, 3, 7, 2, 10, 6, 11, 2, 11, 7, 11, 3, 7, 3, 10, 7, 1, 1, 7, 3, 3, 3, 10, 7, 3, 3, 2, 11, 11, 7, 10, 11, 11, 2, 11, 3, 10, 11, 10, 7, 8, 10, 2, 10, 10, 7, 11, 11, 3, 7, 2, 2, 10, 7, 4, 5] f(x) = 0.2689470353229696
Best solution in generation 136 is: x = [10, 3, 10, 7, 7, 2, 2, 3, 7, 2, 10, 6, 11, 2, 11, 7, 11, 3, 7, 3, 10, 7, 1, 1, 7, 3, 3, 3, 10, 7, 3, 3, 2, 11, 11, 7, 10, 11, 11, 2, 11, 3, 10, 11, 10, 7, 8, 10, 2, 10, 10, 7, 11, 11, 3, 7, 2, 2, 10, 7, 4, 5] f(x) = 0.2689470353229696
Best solution in generation 137 is: x = [10, 3, 10, 7, 7, 2, 2, 3, 7, 2, 10, 6, 11, 2, 11, 7, 11, 3, 7, 3, 10, 7, 1, 1, 7, 3, 3, 3, 10, 7, 3, 3, 2, 11, 11, 7, 10, 11, 11, 2, 11, 3, 10, 11, 10, 7, 8, 10, 2, 10, 10, 7, 11, 11, 3, 7, 2, 2, 10, 7, 4, 5] f(x) = 0.2689470353229696
Best solution in generation 138 is: x = [10, 3, 10, 7, 7, 2, 2, 3, 7, 2, 10, 6, 11, 2, 11, 7, 11, 3, 7, 3, 10, 7, 1, 1, 7, 3, 3, 3, 10, 7, 3, 3, 2, 11, 11, 7, 10, 11, 11, 2, 11, 3, 10, 11, 10, 7, 8, 10, 2, 10, 10, 7, 11, 11, 3, 7, 2, 2, 10, 7, 4, 5] f(x) = 0.2689470353229696
Best solution in generation 139 is: x = [10, 3, 10, 7, 7, 2, 2, 3, 7, 2, 10, 6, 11, 2, 11, 7, 11, 3, 7, 3, 10, 7, 1, 7, 7, 3, 3, 3, 10, 7, 3, 3, 2, 11, 11, 7, 10, 11, 11, 2, 11, 3, 10, 11, 10, 7, 8, 10, 2, 10, 10, 7, 11, 11, 3, 7, 2, 2, 10, 7, 4, 5] f(x) = 0.27298168585103405
Best solution in generation 140 is: x = [10, 3, 10, 7, 7, 2, 2, 3, 7, 2, 10, 6, 11, 2, 11, 7, 11, 3, 7, 3, 10, 7, 1, 7, 7, 3, 3, 3, 10, 7, 3, 3, 2, 11, 11, 7, 10, 11, 11, 2, 11, 3, 10, 11, 10, 7, 8, 10, 2, 10, 10, 7, 11, 11, 3, 7, 2, 2, 10, 7, 4, 5] f(x) = 0.27298168585103405
Best solution in generation 141 is: x = [10, 3, 10, 7, 7, 2, 2, 3, 7, 2, 10, 6, 11, 2, 11, 7, 11, 3, 7, 3, 10, 7, 1, 7, 7, 3, 3, 3, 10, 7, 3, 3, 2, 11, 11, 7, 10, 11, 11, 2, 11, 3, 10, 11, 10, 7, 8, 10, 2, 10, 10, 7, 11, 11, 3, 7, 2, 2, 10, 7, 4, 5] f(x) = 0.27298168585103405
Best solution in generation 142 is: x = [10, 3, 10, 7, 7, 2, 2, 3, 7, 2, 10, 6, 11, 2, 11, 7, 11, 3, 7, 3, 10, 7, 1, 7, 7, 3, 3, 3, 10, 7, 3, 3, 2, 11, 11, 7, 10, 11, 11, 2, 11, 3, 10, 11, 10, 7, 8, 10, 2, 10, 10, 7, 11, 11, 3, 7, 2, 2, 10, 7, 4, 5] f(x) = 0.27298168585103405
Best solution in generation 143 is: x = [10, 3, 10, 7, 7, 2, 2, 3, 7, 2, 10, 6, 11, 2, 11, 7, 11, 3, 7, 3, 10, 7, 1, 7, 7, 3, 3, 3, 10, 7, 3, 3, 2, 11, 11, 7, 10, 11, 11, 2, 11, 3, 10, 11, 10, 7, 8, 10, 2, 10, 10, 7, 11, 11, 3, 7, 2, 2, 10, 7, 4, 5] f(x) = 0.27298168585103405
Best solution in generation 144 is: x = [10, 3, 10, 7, 7, 2, 2, 3, 7, 2, 10, 6, 11, 2, 11, 7, 11, 3, 7, 3, 10, 7, 1, 7, 7, 3, 3, 3, 10, 7, 10, 3, 2, 11, 11, 7, 10, 11, 11, 2, 11, 3, 10, 11, 10, 7, 8, 10, 2, 10, 10, 7, 11, 4, 3, 7, 2, 2, 10, 7, 4, 5] f(x) = 0.2736145722083777
Best solution in generation 145 is: x = [10, 3, 10, 7, 7, 2, 2, 3, 7, 2, 10, 6, 11, 2, 11, 7, 11, 3, 7, 3, 10, 7, 1, 7, 7, 3, 3, 3, 10, 7, 10, 3, 2, 11, 11, 7, 10, 11, 11, 2, 11, 3, 10, 11, 10, 7, 8, 10, 2, 10, 10, 7, 11, 4, 3, 7, 2, 2, 10, 7, 4, 5] f(x) = 0.2736145722083777
Best solution in generation 146 is: x = [10, 3, 10, 7, 7, 2, 2, 3, 7, 2, 10, 6, 11, 2, 11, 7, 11, 3, 7, 3, 10, 7, 1, 7, 7, 3, 3, 3, 10, 7, 10, 3, 2, 11, 11, 7, 10, 11, 11, 2, 11, 3, 10, 11, 10, 7, 8, 10, 2, 10, 10, 7, 11, 4, 3, 7, 2, 2, 10, 7, 4, 5] f(x) = 0.2736145722083777
Best solution in generation 147 is: x = [10, 3, 10, 7, 7, 2, 2, 3, 7, 2, 10, 6, 11, 2, 11, 7, 11, 3, 7, 3, 10, 7, 1, 7, 7, 3, 3, 3, 10, 7, 10, 3, 2, 11, 11, 7, 10, 11, 11, 2, 11, 3, 10, 11, 10, 7, 8, 10, 2, 10, 10, 7, 11, 4, 3, 7, 2, 2, 10, 7, 4, 5] f(x) = 0.2736145722083777
Best solution in generation 148 is: x = [10, 3, 10, 7, 7, 2, 2, 3, 7, 2, 10, 6, 11, 2, 11, 7, 11, 3, 7, 3, 10, 7, 1, 7, 7, 3, 3, 3, 10, 7, 10, 3, 2, 11, 11, 7, 10, 11, 11, 2, 11, 3, 10, 11, 10, 7, 8, 10, 2, 10, 10, 7, 11, 4, 3, 7, 2, 2, 10, 7, 4, 5] f(x) = 0.2736145722083777
Best solution in generation 149 is: x = [10, 3, 10, 7, 7, 2, 2, 3, 7, 2, 10, 6, 11, 2, 11, 7, 11, 3, 7, 3, 10, 7, 1, 7, 7, 3, 3, 3, 10, 7, 10, 3, 2, 11, 11, 7, 10, 11, 11, 2, 11, 3, 10, 11, 10, 7, 8, 10, 2, 10, 10, 7, 11, 4, 3, 7, 2, 2, 10, 7, 4, 5] f(x) = 0.2736145722083777
Best solution in generation 150 is: x = [10, 3, 10, 7, 7, 2, 2, 3, 7, 2, 10, 6, 11, 2, 11, 7, 11, 3, 7, 3, 10, 7, 1, 7, 7, 3, 3, 3, 10, 7, 10, 3, 2, 11, 11, 7, 10, 11, 11, 2, 11, 3, 10, 11, 10, 7, 8, 10, 2, 10, 10, 7, 11, 4, 3, 7, 2, 2, 10, 7, 4, 5] f(x) = 0.2736145722083777
Best solution in generation 151 is: x = [10, 3, 10, 7, 7, 2, 2, 3, 7, 2, 10, 6, 11, 2, 11, 7, 11, 3, 7, 3, 10, 7, 1, 7, 7, 3, 3, 3, 10, 7, 10, 3, 2, 11, 11, 7, 10, 11, 11, 2, 11, 3, 10, 11, 10, 7, 8, 10, 2, 10, 10, 7, 11, 4, 3, 7, 2, 2, 10, 7, 4, 5] f(x) = 0.2736145722083777
Best solution in generation 152 is: x = [10, 3, 10, 7, 7, 2, 2, 3, 7, 2, 10, 6, 11, 2, 11, 7, 11, 3, 7, 3, 10, 7, 1, 7, 7, 3, 3, 3, 10, 7, 10, 3, 2, 11, 11, 7, 10, 11, 11, 2, 11, 3, 10, 11, 10, 7, 8, 10, 2, 10, 10, 7, 11, 4, 3, 7, 2, 2, 10, 7, 4, 5] f(x) = 0.2736145722083777
Best solution in generation 153 is: x = [10, 3, 10, 7, 7, 2, 2, 3, 7, 2, 10, 6, 11, 2, 11, 7, 11, 3, 7, 3, 10, 7, 1, 7, 7, 3, 3, 3, 10, 7, 10, 3, 2, 11, 11, 7, 10, 11, 11, 2, 11, 3, 10, 11, 10, 7, 8, 10, 2, 10, 10, 7, 11, 4, 3, 7, 2, 2, 10, 7, 4, 5] f(x) = 0.2736145722083777
Best solution in generation 154 is: x = [10, 3, 10, 7, 7, 2, 2, 3, 7, 2, 10, 6, 11, 2, 11, 7, 11, 3, 7, 3, 10, 7, 1, 7, 7, 3, 3, 3, 10, 7, 10, 3, 2, 11, 11, 7, 10, 11, 11, 2, 11, 3, 10, 11, 10, 7, 8, 10, 2, 10, 10, 7, 11, 4, 3, 7, 2, 2, 10, 7, 4, 5] f(x) = 0.2736145722083777
Best solution in generation 155 is: x = [10, 3, 10, 7, 7, 2, 2, 3, 7, 2, 10, 6, 11, 2, 11, 7, 11, 3, 7, 3, 10, 7, 1, 7, 7, 3, 3, 3, 10, 7, 10, 3, 2, 11, 11, 7, 10, 11, 11, 2, 11, 3, 10, 11, 10, 7, 8, 10, 2, 10, 10, 7, 11, 4, 3, 7, 2, 2, 10, 7, 4, 5] f(x) = 0.2736145722083777
Best solution in generation 156 is: x = [10, 3, 10, 7, 7, 2, 2, 3, 7, 2, 10, 6, 11, 2, 11, 7, 11, 3, 7, 3, 10, 7, 1, 7, 7, 3, 3, 3, 10, 7, 10, 3, 2, 11, 11, 7, 10, 11, 11, 2, 11, 3, 10, 11, 10, 7, 8, 10, 2, 10, 10, 7, 11, 4, 3, 7, 2, 2, 10, 7, 4, 5] f(x) = 0.2736145722083777
Best solution in generation 157 is: x = [10, 3, 10, 7, 7, 2, 2, 3, 7, 2, 10, 6, 11, 2, 11, 7, 11, 3, 7, 3, 10, 7, 1, 7, 7, 3, 3, 3, 10, 7, 10, 3, 2, 11, 11, 7, 10, 11, 11, 2, 11, 3, 10, 11, 10, 7, 8, 10, 2, 10, 10, 7, 11, 4, 3, 7, 2, 2, 10, 7, 4, 5] f(x) = 0.2736145722083777
Best solution in generation 158 is: x = [10, 3, 10, 7, 7, 2, 2, 3, 7, 2, 10, 6, 11, 2, 11, 7, 11, 3, 7, 3, 10, 7, 1, 7, 7, 3, 3, 3, 10, 7, 10, 3, 2, 11, 11, 7, 10, 11, 11, 2, 11, 3, 10, 11, 10, 7, 8, 10, 2, 10, 10, 7, 11, 4, 3, 7, 2, 2, 10, 7, 4, 5] f(x) = 0.2736145722083777
Best solution in generation 159 is: x = [10, 3, 10, 7, 7, 2, 2, 3, 7, 2, 10, 6, 11, 2, 11, 7, 11, 3, 7, 3, 10, 7, 1, 7, 7, 3, 3, 3, 10, 7, 10, 3, 2, 11, 11, 7, 10, 11, 11, 2, 11, 3, 10, 11, 10, 7, 8, 10, 2, 10, 10, 7, 11, 4, 3, 7, 2, 2, 10, 7, 4, 5] f(x) = 0.2736145722083777
Best solution in generation 160 is: x = [10, 3, 10, 7, 7, 2, 2, 3, 7, 2, 10, 6, 11, 2, 11, 7, 11, 3, 7, 3, 10, 7, 1, 7, 7, 3, 3, 3, 10, 7, 10, 3, 2, 11, 11, 7, 10, 11, 11, 2, 11, 3, 10, 11, 10, 7, 8, 10, 2, 10, 10, 7, 11, 4, 3, 7, 2, 2, 10, 7, 4, 5] f(x) = 0.2736145722083777
Best solution in generation 161 is: x = [10, 3, 10, 7, 7, 2, 2, 3, 7, 2, 10, 6, 11, 2, 11, 7, 11, 3, 7, 3, 10, 7, 1, 7, 7, 3, 3, 3, 10, 7, 10, 3, 2, 11, 11, 7, 10, 11, 11, 2, 11, 3, 10, 11, 10, 7, 8, 10, 2, 10, 10, 7, 11, 4, 3, 7, 2, 2, 10, 7, 4, 5] f(x) = 0.2736145722083777
Best solution in generation 162 is: x = [10, 3, 10, 7, 7, 2, 2, 3, 7, 2, 10, 6, 11, 2, 11, 7, 11, 3, 7, 3, 10, 7, 1, 7, 7, 3, 3, 3, 10, 7, 10, 3, 2, 11, 11, 7, 10, 11, 11, 2, 11, 3, 10, 11, 10, 7, 8, 10, 2, 10, 10, 7, 11, 4, 3, 7, 2, 2, 10, 7, 4, 5] f(x) = 0.2736145722083777
Best solution in generation 163 is: x = [10, 3, 10, 7, 7, 2, 2, 3, 7, 2, 10, 6, 11, 2, 11, 7, 11, 3, 7, 3, 10, 7, 1, 7, 7, 3, 3, 3, 10, 7, 10, 3, 2, 11, 11, 7, 10, 11, 11, 2, 11, 3, 10, 11, 10, 7, 8, 10, 2, 10, 10, 7, 11, 4, 3, 7, 2, 2, 10, 7, 4, 5] f(x) = 0.2736145722083777
Best solution in generation 164 is: x = [10, 3, 10, 7, 7, 2, 2, 3, 7, 2, 10, 6, 11, 2, 11, 7, 11, 3, 7, 3, 10, 7, 1, 7, 7, 3, 3, 3, 10, 7, 10, 3, 2, 11, 11, 7, 10, 11, 11, 2, 11, 3, 10, 11, 10, 7, 8, 10, 2, 10, 10, 7, 11, 4, 3, 7, 2, 2, 10, 7, 4, 5] f(x) = 0.2736145722083777
Best solution in generation 165 is: x = [10, 3, 10, 7, 7, 2, 2, 3, 7, 2, 10, 6, 11, 2, 11, 7, 11, 3, 7, 3, 10, 7, 1, 7, 7, 3, 3, 3, 10, 7, 10, 3, 2, 11, 11, 7, 10, 11, 11, 2, 11, 3, 10, 11, 10, 7, 8, 10, 2, 10, 10, 7, 11, 4, 3, 7, 2, 2, 10, 7, 4, 5] f(x) = 0.2736145722083777
Best solution in generation 166 is: x = [10, 3, 10, 7, 7, 2, 2, 3, 7, 2, 10, 6, 11, 2, 11, 7, 11, 3, 7, 3, 10, 7, 1, 7, 7, 3, 3, 3, 10, 7, 10, 3, 2, 11, 11, 7, 10, 11, 11, 2, 11, 3, 10, 11, 10, 7, 8, 10, 2, 10, 10, 7, 11, 4, 3, 7, 2, 2, 10, 7, 4, 5] f(x) = 0.2736145722083777
Best solution in generation 167 is: x = [10, 3, 10, 7, 7, 2, 2, 3, 7, 2, 10, 6, 11, 2, 11, 7, 11, 3, 7, 3, 10, 7, 1, 7, 7, 3, 3, 3, 10, 7, 10, 3, 2, 11, 11, 7, 10, 11, 11, 2, 11, 3, 10, 11, 10, 7, 8, 10, 2, 10, 10, 7, 11, 4, 3, 7, 2, 2, 10, 7, 4, 5] f(x) = 0.2736145722083777
Best solution in generation 168 is: x = [10, 3, 10, 7, 7, 2, 2, 3, 7, 2, 10, 6, 11, 2, 11, 7, 11, 3, 7, 3, 10, 7, 1, 7, 7, 3, 3, 3, 10, 7, 10, 3, 2, 11, 11, 7, 10, 11, 11, 2, 11, 3, 10, 11, 10, 7, 8, 10, 2, 10, 10, 7, 11, 4, 3, 7, 2, 2, 10, 7, 4, 5] f(x) = 0.2736145722083777
Best solution in generation 169 is: x = [10, 3, 10, 7, 7, 2, 2, 3, 7, 2, 10, 6, 11, 2, 11, 7, 11, 3, 7, 3, 10, 7, 1, 7, 7, 3, 3, 3, 10, 7, 10, 3, 2, 11, 11, 7, 10, 11, 11, 2, 11, 3, 10, 11, 10, 7, 8, 10, 2, 10, 10, 7, 11, 4, 3, 7, 2, 2, 10, 7, 4, 5] f(x) = 0.2736145722083777
Best solution in generation 170 is: x = [10, 3, 10, 7, 7, 2, 2, 3, 7, 2, 10, 6, 11, 2, 11, 7, 11, 3, 7, 3, 10, 7, 1, 7, 7, 3, 3, 3, 10, 7, 10, 3, 2, 11, 11, 7, 10, 11, 11, 2, 11, 3, 10, 11, 10, 7, 8, 10, 2, 10, 10, 7, 11, 4, 3, 7, 2, 2, 10, 7, 4, 5] f(x) = 0.2736145722083777
Best solution in generation 171 is: x = [10, 3, 10, 7, 7, 2, 2, 3, 7, 2, 10, 6, 11, 2, 11, 7, 11, 3, 7, 3, 10, 7, 1, 7, 7, 3, 3, 3, 10, 7, 10, 3, 2, 11, 11, 7, 10, 11, 11, 2, 11, 3, 10, 11, 10, 7, 8, 10, 2, 10, 10, 7, 11, 4, 3, 7, 2, 2, 10, 7, 4, 5] f(x) = 0.2736145722083777
Best solution in generation 172 is: x = [10, 3, 10, 7, 7, 2, 2, 3, 7, 2, 10, 6, 11, 2, 11, 7, 11, 3, 7, 3, 10, 7, 1, 7, 7, 3, 3, 3, 10, 7, 10, 3, 2, 11, 11, 7, 10, 11, 11, 2, 11, 3, 10, 11, 10, 7, 8, 10, 2, 10, 10, 7, 11, 4, 3, 7, 2, 2, 10, 7, 4, 5] f(x) = 0.2736145722083777
Best solution in generation 173 is: x = [10, 3, 10, 7, 7, 2, 2, 3, 7, 2, 10, 6, 11, 2, 11, 7, 11, 3, 7, 3, 10, 7, 1, 7, 7, 3, 3, 3, 10, 7, 10, 3, 2, 11, 11, 7, 10, 11, 11, 2, 11, 3, 10, 11, 10, 7, 8, 10, 2, 10, 10, 7, 11, 4, 3, 7, 2, 2, 10, 7, 4, 5] f(x) = 0.2736145722083777
Best solution in generation 174 is: x = [10, 3, 10, 7, 7, 2, 2, 3, 7, 2, 10, 6, 11, 2, 11, 7, 11, 3, 7, 3, 10, 7, 1, 7, 7, 3, 3, 3, 10, 7, 10, 3, 2, 11, 11, 7, 10, 11, 11, 2, 11, 3, 10, 11, 10, 7, 8, 10, 2, 10, 10, 7, 11, 4, 3, 7, 2, 2, 10, 7, 4, 5] f(x) = 0.2736145722083777
Best solution in generation 175 is: x = [10, 3, 10, 7, 7, 2, 2, 3, 7, 2, 10, 6, 11, 2, 11, 7, 11, 3, 7, 3, 10, 7, 1, 7, 7, 3, 3, 3, 10, 7, 10, 3, 2, 11, 11, 7, 10, 11, 11, 2, 11, 3, 10, 11, 10, 7, 8, 10, 2, 10, 10, 7, 11, 4, 3, 7, 2, 2, 10, 7, 4, 5] f(x) = 0.2736145722083777
Best solution in generation 176 is: x = [10, 3, 10, 7, 7, 2, 2, 3, 7, 2, 10, 6, 11, 2, 11, 7, 11, 3, 7, 3, 10, 7, 1, 7, 7, 3, 3, 3, 10, 7, 10, 3, 2, 11, 11, 7, 10, 11, 11, 2, 11, 3, 10, 11, 10, 7, 8, 10, 2, 10, 10, 7, 11, 4, 3, 7, 2, 2, 10, 7, 4, 5] f(x) = 0.2736145722083777
Best solution in generation 177 is: x = [10, 3, 10, 7, 7, 2, 2, 3, 7, 2, 10, 6, 11, 2, 11, 7, 11, 3, 7, 3, 10, 7, 1, 7, 7, 3, 3, 3, 10, 7, 10, 3, 2, 11, 11, 7, 10, 11, 11, 2, 11, 3, 10, 11, 10, 7, 8, 10, 2, 10, 10, 7, 11, 4, 3, 7, 2, 2, 10, 7, 4, 5] f(x) = 0.2736145722083777
Best solution in generation 178 is: x = [10, 3, 10, 7, 7, 2, 2, 3, 7, 2, 10, 6, 11, 2, 11, 7, 11, 3, 7, 3, 10, 7, 1, 7, 7, 3, 3, 3, 10, 7, 10, 3, 2, 11, 11, 7, 10, 11, 11, 2, 11, 3, 10, 11, 10, 7, 8, 10, 2, 10, 10, 7, 11, 4, 3, 7, 2, 2, 10, 7, 4, 5] f(x) = 0.2736145722083777
Best solution in generation 179 is: x = [10, 3, 10, 7, 7, 2, 2, 3, 7, 2, 10, 6, 11, 2, 11, 7, 11, 3, 7, 3, 10, 7, 1, 7, 7, 3, 3, 3, 10, 7, 10, 3, 2, 11, 11, 7, 10, 11, 11, 2, 11, 3, 10, 11, 10, 7, 8, 10, 2, 10, 10, 7, 11, 4, 3, 7, 2, 2, 10, 7, 4, 5] f(x) = 0.2736145722083777
Best solution in generation 180 is: x = [10, 3, 10, 7, 7, 2, 2, 3, 7, 2, 10, 6, 11, 2, 11, 7, 11, 3, 7, 3, 10, 7, 1, 7, 7, 3, 3, 3, 10, 7, 10, 3, 2, 11, 11, 7, 10, 11, 11, 2, 11, 3, 10, 11, 10, 7, 8, 10, 2, 10, 10, 7, 11, 4, 3, 7, 2, 2, 10, 7, 4, 5] f(x) = 0.2736145722083777
Best solution in generation 181 is: x = [10, 3, 10, 7, 7, 2, 2, 3, 7, 2, 10, 5, 11, 2, 11, 7, 11, 3, 7, 3, 10, 7, 1, 7, 7, 3, 3, 3, 10, 7, 10, 3, 2, 11, 11, 7, 10, 11, 11, 2, 11, 3, 10, 11, 10, 7, 3, 10, 2, 3, 10, 7, 11, 4, 3, 7, 2, 2, 10, 7, 4, 5] f(x) = 0.27624500613108643
Best solution in generation 182 is: x = [10, 3, 10, 7, 7, 2, 2, 3, 7, 2, 10, 5, 11, 2, 11, 7, 11, 3, 7, 3, 10, 7, 1, 7, 7, 3, 3, 3, 10, 7, 10, 3, 2, 11, 11, 7, 10, 11, 11, 2, 11, 3, 10, 11, 10, 7, 3, 10, 2, 3, 10, 7, 11, 4, 3, 7, 2, 2, 10, 7, 4, 5] f(x) = 0.27624500613108643
Best solution in generation 183 is: x = [10, 3, 10, 7, 7, 2, 2, 3, 7, 2, 10, 5, 11, 2, 11, 7, 11, 3, 7, 3, 10, 7, 1, 7, 7, 3, 3, 3, 10, 7, 10, 3, 2, 11, 11, 7, 10, 11, 11, 2, 11, 3, 10, 11, 10, 7, 3, 10, 2, 3, 10, 7, 11, 4, 3, 7, 2, 2, 10, 7, 4, 5] f(x) = 0.27624500613108643
Best solution in generation 184 is: x = [10, 3, 10, 7, 7, 2, 2, 3, 7, 2, 10, 5, 11, 2, 11, 7, 11, 3, 7, 3, 10, 7, 1, 7, 7, 3, 3, 3, 10, 7, 10, 3, 2, 11, 11, 7, 10, 11, 11, 2, 11, 3, 10, 11, 10, 7, 3, 10, 2, 3, 10, 7, 11, 4, 3, 7, 2, 2, 10, 7, 4, 5] f(x) = 0.27624500613108643
Best solution in generation 185 is: x = [10, 3, 10, 7, 7, 2, 2, 3, 7, 2, 10, 5, 11, 2, 11, 7, 11, 3, 7, 3, 10, 7, 1, 7, 7, 3, 3, 3, 10, 7, 10, 3, 2, 11, 11, 7, 10, 11, 11, 2, 11, 3, 10, 11, 10, 7, 3, 10, 2, 3, 10, 7, 11, 4, 3, 7, 2, 2, 10, 7, 4, 5] f(x) = 0.27624500613108643
Best solution in generation 186 is: x = [10, 3, 10, 7, 7, 2, 2, 3, 7, 2, 10, 5, 11, 2, 11, 7, 11, 3, 7, 3, 10, 7, 1, 7, 7, 3, 3, 3, 10, 7, 10, 3, 2, 11, 11, 7, 10, 11, 11, 2, 11, 3, 10, 11, 10, 7, 3, 10, 2, 3, 10, 7, 11, 4, 3, 7, 2, 2, 10, 7, 4, 5] f(x) = 0.27624500613108643
Best solution in generation 187 is: x = [10, 3, 10, 7, 7, 2, 2, 3, 7, 2, 10, 5, 11, 2, 11, 7, 11, 3, 7, 3, 10, 7, 1, 7, 7, 3, 3, 3, 10, 7, 10, 3, 2, 11, 11, 7, 10, 11, 11, 2, 11, 3, 10, 11, 10, 7, 3, 10, 2, 3, 10, 7, 11, 4, 3, 7, 2, 2, 10, 7, 4, 5] f(x) = 0.27624500613108643
Best solution in generation 188 is: x = [10, 3, 10, 7, 7, 2, 2, 3, 7, 2, 10, 5, 11, 2, 11, 7, 11, 3, 7, 3, 10, 7, 1, 7, 7, 3, 3, 3, 10, 7, 10, 3, 2, 11, 11, 7, 10, 11, 11, 2, 11, 3, 10, 11, 10, 7, 3, 10, 2, 3, 10, 7, 11, 4, 3, 7, 2, 2, 10, 7, 4, 5] f(x) = 0.27624500613108643
Best solution in generation 189 is: x = [10, 3, 10, 7, 7, 2, 2, 3, 7, 2, 10, 5, 11, 2, 11, 7, 11, 3, 7, 3, 10, 7, 1, 7, 7, 3, 3, 3, 10, 7, 10, 3, 2, 11, 11, 7, 10, 11, 11, 2, 11, 3, 10, 11, 10, 7, 3, 10, 2, 3, 10, 7, 11, 4, 3, 7, 2, 2, 10, 7, 4, 11] f(x) = 0.27938966021913675
Best solution in generation 190 is: x = [10, 3, 10, 7, 7, 2, 2, 3, 7, 2, 10, 5, 11, 2, 11, 7, 11, 3, 7, 3, 10, 7, 1, 7, 7, 3, 3, 3, 10, 7, 10, 3, 2, 11, 11, 7, 10, 11, 11, 2, 11, 3, 10, 11, 10, 7, 3, 10, 2, 3, 10, 7, 11, 4, 3, 7, 2, 2, 10, 7, 4, 11] f(x) = 0.27938966021913675
Best solution in generation 191 is: x = [10, 3, 10, 7, 7, 2, 2, 3, 7, 2, 10, 5, 11, 2, 11, 7, 11, 3, 7, 3, 10, 7, 1, 7, 7, 3, 3, 3, 10, 7, 10, 3, 2, 11, 11, 7, 10, 11, 11, 2, 11, 3, 10, 11, 10, 7, 3, 10, 2, 3, 10, 7, 11, 4, 3, 7, 2, 2, 10, 7, 4, 11] f(x) = 0.27938966021913675
Best solution in generation 192 is: x = [10, 3, 10, 7, 7, 2, 2, 3, 7, 2, 10, 5, 11, 2, 11, 7, 11, 3, 7, 3, 10, 7, 1, 7, 7, 3, 3, 3, 10, 7, 10, 3, 2, 11, 11, 7, 10, 11, 11, 2, 11, 3, 10, 11, 10, 7, 3, 10, 2, 3, 10, 7, 11, 4, 3, 7, 2, 2, 10, 7, 4, 11] f(x) = 0.27938966021913675
Best solution in generation 193 is: x = [10, 3, 10, 7, 7, 2, 2, 3, 7, 2, 10, 5, 11, 2, 11, 7, 11, 3, 7, 3, 10, 7, 1, 7, 7, 3, 3, 3, 10, 7, 10, 3, 2, 11, 11, 7, 10, 11, 11, 2, 11, 3, 10, 11, 10, 7, 3, 10, 2, 3, 10, 7, 11, 4, 3, 7, 2, 2, 10, 7, 4, 11] f(x) = 0.27938966021913675
Best solution in generation 194 is: x = [10, 3, 10, 7, 7, 2, 2, 3, 7, 2, 10, 5, 11, 2, 11, 7, 11, 3, 7, 3, 10, 7, 1, 7, 7, 3, 3, 3, 10, 7, 10, 3, 2, 11, 11, 7, 10, 11, 11, 2, 11, 3, 10, 11, 10, 7, 3, 10, 2, 3, 10, 7, 11, 4, 3, 7, 2, 2, 10, 7, 4, 11] f(x) = 0.27938966021913675
Best solution in generation 195 is: x = [10, 3, 10, 7, 7, 2, 2, 3, 7, 2, 10, 5, 11, 2, 11, 7, 11, 3, 7, 3, 10, 7, 1, 7, 7, 3, 3, 3, 10, 7, 10, 3, 2, 11, 11, 7, 10, 11, 11, 2, 11, 3, 10, 11, 10, 7, 3, 10, 2, 3, 10, 7, 11, 4, 3, 7, 2, 2, 10, 7, 4, 11] f(x) = 0.27938966021913675
Best solution in generation 196 is: x = [10, 3, 10, 7, 7, 2, 2, 3, 7, 2, 10, 5, 11, 2, 11, 7, 11, 3, 7, 3, 10, 7, 1, 7, 7, 3, 3, 3, 10, 7, 10, 3, 2, 11, 11, 7, 10, 11, 11, 2, 11, 3, 10, 11, 10, 7, 3, 10, 2, 3, 10, 7, 11, 4, 3, 7, 2, 2, 10, 7, 4, 11] f(x) = 0.27938966021913675
Best solution in generation 197 is: x = [10, 3, 10, 7, 7, 2, 2, 3, 7, 2, 10, 5, 11, 2, 11, 7, 11, 3, 7, 3, 10, 7, 1, 7, 7, 3, 3, 3, 10, 7, 10, 3, 2, 11, 11, 7, 10, 11, 11, 2, 11, 3, 10, 11, 10, 7, 3, 10, 2, 3, 10, 7, 11, 4, 3, 7, 2, 2, 10, 7, 4, 11] f(x) = 0.27938966021913675
Best solution in generation 198 is: x = [10, 3, 10, 7, 7, 2, 2, 3, 7, 2, 10, 5, 11, 2, 11, 7, 11, 3, 7, 3, 10, 7, 1, 7, 7, 3, 3, 3, 10, 7, 10, 3, 2, 11, 11, 7, 10, 11, 11, 2, 11, 3, 10, 11, 10, 7, 3, 10, 2, 3, 11, 7, 11, 4, 3, 7, 2, 2, 10, 7, 4, 11] f(x) = 0.2823958704165182
Best solution in generation 199 is: x = [10, 3, 10, 7, 7, 2, 2, 3, 7, 2, 10, 5, 11, 2, 11, 7, 11, 3, 7, 3, 10, 7, 8, 7, 7, 3, 3, 3, 10, 7, 10, 3, 2, 11, 11, 7, 10, 11, 11, 2, 11, 3, 10, 11, 10, 7, 3, 10, 2, 3, 10, 7, 11, 4, 3, 7, 2, 2, 11, 7, 4, 11] f(x) = 0.28253431430718706
Best solution in generation 200 is: x = [10, 3, 10, 7, 7, 2, 2, 3, 7, 2, 10, 5, 11, 2, 11, 7, 11, 3, 7, 3, 10, 7, 8, 7, 7, 3, 3, 3, 10, 7, 10, 3, 2, 11, 11, 7, 10, 11, 11, 2, 11, 3, 10, 11, 10, 7, 3, 10, 2, 3, 10, 7, 11, 4, 3, 7, 2, 2, 11, 7, 4, 11] f(x) = 0.28253431430718706
Best solution in generation 201 is: x = [10, 3, 10, 7, 7, 2, 2, 3, 7, 2, 10, 5, 11, 2, 11, 7, 11, 3, 7, 3, 10, 7, 8, 7, 7, 3, 3, 3, 10, 7, 10, 3, 2, 11, 11, 7, 10, 11, 11, 2, 11, 3, 10, 11, 10, 7, 3, 10, 2, 3, 10, 7, 11, 4, 3, 7, 2, 2, 11, 7, 4, 11] f(x) = 0.28253431430718706
Best solution in generation 202 is: x = [10, 3, 10, 7, 7, 2, 2, 3, 7, 2, 10, 5, 11, 2, 11, 7, 11, 3, 7, 3, 10, 7, 8, 7, 7, 3, 3, 3, 10, 7, 10, 3, 2, 11, 11, 7, 10, 11, 11, 2, 11, 3, 10, 11, 10, 7, 3, 10, 2, 3, 10, 7, 11, 4, 3, 7, 2, 2, 11, 7, 4, 11] f(x) = 0.28253431430718706
Best solution in generation 203 is: x = [10, 3, 10, 7, 7, 2, 2, 3, 7, 2, 10, 5, 11, 2, 11, 7, 11, 3, 7, 3, 10, 7, 8, 7, 7, 3, 3, 3, 10, 7, 10, 3, 2, 11, 11, 7, 10, 11, 11, 2, 11, 3, 10, 11, 10, 7, 3, 10, 2, 3, 10, 7, 11, 4, 3, 7, 2, 2, 11, 7, 4, 11] f(x) = 0.28253431430718706
Best solution in generation 204 is: x = [10, 3, 10, 7, 7, 2, 2, 3, 7, 2, 10, 5, 11, 2, 11, 7, 11, 3, 7, 3, 10, 7, 8, 7, 7, 3, 3, 3, 10, 7, 10, 3, 2, 11, 11, 7, 10, 11, 11, 2, 11, 3, 10, 11, 10, 7, 3, 10, 2, 3, 10, 7, 11, 4, 3, 7, 2, 2, 11, 7, 4, 11] f(x) = 0.28253431430718706
Best solution in generation 205 is: x = [10, 3, 10, 7, 7, 2, 2, 3, 7, 2, 10, 5, 11, 2, 11, 7, 11, 3, 7, 3, 10, 7, 8, 7, 7, 3, 3, 3, 10, 7, 10, 3, 2, 11, 11, 7, 10, 11, 11, 2, 11, 3, 10, 11, 10, 7, 3, 10, 2, 3, 10, 7, 11, 4, 3, 7, 2, 2, 11, 7, 4, 11] f(x) = 0.28253431430718706
Best solution in generation 206 is: x = [10, 3, 10, 7, 7, 2, 2, 3, 7, 2, 10, 5, 11, 2, 11, 7, 11, 3, 7, 3, 10, 7, 8, 7, 7, 3, 3, 3, 10, 7, 10, 3, 2, 11, 11, 7, 10, 11, 11, 2, 11, 3, 10, 11, 10, 7, 3, 10, 2, 3, 10, 7, 11, 4, 3, 7, 2, 2, 11, 7, 4, 11] f(x) = 0.28253431430718706
Best solution in generation 207 is: x = [10, 3, 10, 7, 7, 2, 2, 3, 7, 2, 10, 5, 11, 2, 11, 7, 11, 3, 7, 3, 10, 7, 8, 7, 7, 3, 3, 3, 10, 7, 10, 3, 2, 11, 11, 7, 10, 11, 11, 2, 11, 3, 10, 11, 10, 7, 3, 10, 2, 3, 10, 7, 11, 4, 3, 7, 2, 2, 11, 7, 4, 11] f(x) = 0.28253431430718706
Best solution in generation 208 is: x = [10, 3, 10, 7, 7, 2, 2, 3, 7, 2, 10, 5, 11, 2, 11, 7, 11, 3, 7, 3, 10, 7, 8, 7, 7, 3, 3, 3, 10, 7, 10, 3, 2, 11, 11, 7, 10, 11, 11, 2, 11, 3, 10, 11, 10, 7, 3, 10, 2, 3, 10, 7, 11, 4, 3, 7, 2, 2, 11, 7, 4, 11] f(x) = 0.28253431430718706
Best solution in generation 209 is: x = [10, 3, 10, 7, 7, 2, 2, 3, 7, 2, 10, 5, 11, 2, 11, 7, 11, 3, 7, 3, 10, 7, 8, 7, 7, 3, 3, 3, 10, 7, 10, 3, 2, 11, 11, 7, 10, 11, 11, 2, 11, 3, 10, 11, 10, 7, 3, 10, 2, 3, 10, 7, 11, 4, 3, 7, 2, 2, 11, 7, 4, 11] f(x) = 0.28253431430718706
Best solution in generation 210 is: x = [10, 3, 10, 7, 7, 2, 2, 3, 7, 2, 10, 5, 11, 2, 11, 7, 11, 3, 7, 3, 10, 7, 8, 7, 7, 3, 3, 3, 10, 7, 10, 3, 2, 11, 11, 7, 10, 11, 11, 2, 11, 3, 10, 11, 10, 7, 3, 10, 2, 3, 10, 7, 11, 4, 3, 7, 2, 2, 11, 7, 4, 11] f(x) = 0.28253431430718706
Best solution in generation 211 is: x = [10, 3, 10, 7, 7, 2, 2, 3, 7, 2, 10, 5, 11, 2, 11, 7, 11, 3, 7, 3, 10, 7, 8, 7, 7, 3, 3, 3, 10, 7, 10, 3, 2, 11, 11, 7, 10, 11, 11, 2, 11, 3, 10, 11, 10, 7, 3, 10, 2, 3, 10, 7, 11, 4, 3, 7, 2, 2, 11, 7, 4, 11] f(x) = 0.28253431430718706
Best solution in generation 212 is: x = [10, 3, 10, 7, 7, 2, 2, 3, 7, 2, 10, 5, 11, 2, 11, 7, 11, 3, 7, 3, 10, 7, 8, 7, 7, 3, 3, 3, 10, 7, 10, 3, 2, 11, 11, 7, 10, 11, 11, 2, 11, 3, 10, 11, 10, 7, 3, 10, 2, 3, 10, 7, 11, 4, 3, 7, 2, 2, 11, 7, 4, 11] f(x) = 0.28253431430718706
Best solution in generation 213 is: x = [10, 3, 10, 7, 7, 2, 2, 3, 7, 2, 10, 5, 11, 2, 11, 7, 11, 3, 7, 3, 10, 7, 8, 7, 7, 3, 3, 3, 10, 7, 10, 3, 2, 11, 11, 7, 10, 11, 11, 2, 11, 3, 10, 11, 10, 7, 3, 10, 2, 3, 10, 7, 11, 4, 3, 7, 2, 2, 11, 7, 4, 11] f(x) = 0.28253431430718706
Best solution in generation 214 is: x = [10, 3, 10, 7, 7, 2, 2, 3, 7, 2, 10, 5, 11, 2, 11, 7, 11, 3, 7, 3, 10, 7, 8, 7, 7, 3, 3, 3, 10, 7, 10, 3, 2, 11, 11, 7, 10, 11, 11, 2, 11, 3, 10, 11, 10, 7, 3, 10, 2, 3, 10, 7, 11, 4, 3, 7, 2, 2, 11, 7, 4, 11] f(x) = 0.28253431430718706
Best solution in generation 215 is: x = [10, 3, 10, 7, 7, 2, 2, 3, 7, 2, 10, 5, 11, 2, 11, 7, 11, 3, 7, 3, 10, 7, 8, 7, 7, 3, 3, 3, 10, 7, 10, 3, 2, 11, 11, 7, 10, 11, 11, 2, 11, 3, 10, 11, 10, 7, 3, 10, 2, 3, 10, 7, 11, 4, 3, 7, 2, 2, 11, 7, 4, 11] f(x) = 0.28253431430718706
Best solution in generation 216 is: x = [10, 3, 10, 7, 7, 2, 2, 3, 7, 2, 10, 5, 11, 2, 11, 7, 11, 3, 7, 3, 10, 7, 8, 7, 7, 3, 3, 3, 10, 7, 10, 3, 2, 11, 11, 7, 10, 11, 11, 2, 11, 3, 10, 11, 10, 7, 3, 10, 2, 3, 10, 7, 11, 4, 3, 7, 2, 2, 11, 7, 4, 11] f(x) = 0.28253431430718706
Best solution in generation 217 is: x = [10, 3, 10, 7, 7, 2, 2, 3, 7, 2, 10, 5, 11, 2, 11, 7, 11, 3, 7, 3, 10, 7, 8, 7, 7, 3, 3, 3, 10, 7, 10, 3, 2, 11, 11, 7, 10, 11, 11, 2, 11, 3, 10, 11, 10, 7, 3, 10, 2, 3, 10, 7, 11, 4, 3, 7, 2, 2, 11, 7, 4, 11] f(x) = 0.28253431430718706
Best solution in generation 218 is: x = [10, 3, 10, 7, 7, 2, 2, 3, 7, 2, 10, 5, 11, 2, 11, 7, 11, 3, 7, 3, 10, 7, 8, 7, 7, 3, 3, 3, 10, 7, 10, 3, 2, 11, 11, 7, 10, 11, 11, 2, 11, 3, 10, 11, 10, 7, 3, 10, 2, 3, 10, 7, 11, 4, 3, 7, 2, 2, 11, 7, 4, 11] f(x) = 0.28253431430718706
Best solution in generation 219 is: x = [10, 3, 10, 7, 7, 2, 2, 3, 7, 2, 10, 5, 11, 2, 11, 7, 11, 3, 7, 3, 10, 7, 8, 7, 7, 3, 3, 3, 10, 7, 10, 3, 2, 11, 11, 7, 10, 11, 11, 2, 11, 3, 10, 11, 10, 7, 3, 10, 2, 3, 10, 7, 11, 4, 3, 7, 2, 2, 11, 7, 4, 11] f(x) = 0.28253431430718706
Best solution in generation 220 is: x = [10, 3, 10, 7, 7, 2, 2, 3, 7, 2, 10, 5, 11, 2, 11, 7, 11, 3, 7, 3, 10, 7, 8, 7, 7, 3, 3, 3, 10, 7, 10, 3, 2, 11, 11, 7, 10, 11, 11, 2, 11, 3, 10, 11, 10, 7, 3, 10, 2, 3, 10, 7, 11, 4, 3, 7, 2, 2, 11, 7, 4, 11] f(x) = 0.28253431430718706
Best solution in generation 221 is: x = [10, 3, 10, 7, 7, 2, 2, 3, 7, 2, 10, 5, 11, 2, 11, 7, 11, 3, 7, 3, 10, 7, 8, 7, 7, 3, 3, 3, 10, 7, 10, 3, 2, 11, 11, 7, 10, 11, 11, 2, 11, 3, 10, 11, 10, 7, 3, 10, 2, 3, 10, 7, 11, 4, 3, 7, 2, 2, 11, 7, 4, 11] f(x) = 0.28253431430718706
Best solution in generation 222 is: x = [10, 3, 10, 7, 7, 2, 2, 3, 7, 2, 10, 5, 11, 2, 11, 7, 11, 3, 7, 3, 10, 7, 8, 7, 7, 3, 3, 3, 10, 7, 10, 3, 2, 11, 11, 7, 10, 11, 11, 2, 11, 3, 10, 11, 10, 7, 3, 10, 2, 3, 10, 7, 11, 4, 3, 7, 2, 2, 11, 7, 4, 11] f(x) = 0.28253431430718706
Best solution in generation 223 is: x = [10, 3, 10, 7, 7, 2, 2, 3, 7, 2, 10, 5, 11, 2, 11, 7, 11, 3, 7, 3, 10, 7, 8, 7, 7, 3, 3, 3, 10, 7, 10, 3, 2, 11, 11, 7, 10, 11, 11, 2, 11, 3, 10, 11, 10, 7, 3, 10, 2, 3, 10, 7, 11, 4, 3, 7, 2, 2, 11, 7, 4, 11] f(x) = 0.28253431430718706
Best solution in generation 224 is: x = [10, 3, 10, 7, 7, 2, 2, 3, 7, 2, 10, 5, 11, 2, 11, 7, 11, 3, 7, 3, 10, 7, 8, 7, 7, 3, 3, 3, 10, 7, 10, 3, 2, 11, 11, 7, 10, 11, 11, 2, 11, 3, 10, 11, 10, 7, 3, 10, 2, 3, 10, 7, 11, 4, 3, 7, 2, 2, 11, 7, 4, 11] f(x) = 0.28253431430718706
Best solution in generation 225 is: x = [10, 3, 10, 7, 7, 2, 2, 3, 7, 2, 10, 5, 11, 2, 11, 7, 11, 3, 7, 3, 10, 7, 8, 7, 7, 3, 3, 3, 10, 7, 10, 3, 2, 11, 11, 7, 10, 11, 11, 2, 11, 3, 10, 11, 10, 7, 3, 10, 2, 3, 10, 7, 11, 4, 3, 7, 2, 2, 11, 7, 4, 11] f(x) = 0.28253431430718706
Best solution in generation 226 is: x = [10, 3, 10, 7, 7, 2, 2, 3, 7, 2, 10, 5, 11, 2, 11, 7, 11, 3, 7, 3, 10, 7, 8, 7, 7, 3, 3, 3, 10, 7, 10, 3, 2, 11, 11, 7, 10, 11, 11, 2, 11, 3, 10, 11, 10, 7, 3, 10, 2, 3, 10, 7, 11, 4, 3, 7, 2, 2, 11, 7, 4, 11] f(x) = 0.28253431430718706
Best solution in generation 227 is: x = [10, 3, 10, 7, 7, 2, 2, 3, 7, 2, 10, 5, 11, 2, 11, 7, 11, 3, 7, 3, 10, 7, 8, 7, 7, 3, 3, 3, 10, 7, 10, 3, 2, 11, 11, 7, 10, 11, 11, 2, 11, 3, 10, 11, 10, 7, 3, 10, 2, 3, 10, 7, 11, 4, 3, 7, 2, 2, 11, 7, 4, 11] f(x) = 0.28253431430718706
Best solution in generation 228 is: x = [10, 3, 10, 7, 7, 2, 2, 3, 7, 2, 10, 5, 11, 2, 11, 7, 11, 3, 7, 3, 10, 7, 8, 7, 7, 3, 3, 3, 10, 7, 10, 3, 2, 11, 11, 7, 10, 11, 11, 2, 11, 3, 10, 11, 10, 7, 3, 10, 2, 3, 10, 7, 11, 4, 3, 7, 2, 2, 11, 7, 4, 11] f(x) = 0.28253431430718706
Best solution in generation 229 is: x = [10, 3, 10, 7, 7, 2, 2, 3, 7, 2, 10, 5, 11, 2, 11, 7, 11, 3, 7, 3, 10, 7, 8, 7, 7, 3, 3, 3, 10, 7, 10, 3, 2, 11, 11, 7, 10, 11, 11, 2, 11, 3, 10, 11, 10, 7, 3, 10, 2, 3, 10, 7, 11, 4, 3, 7, 2, 2, 11, 7, 4, 11] f(x) = 0.28253431430718706
Best solution in generation 230 is: x = [10, 3, 10, 7, 7, 2, 2, 3, 7, 2, 10, 5, 11, 2, 11, 7, 11, 3, 7, 3, 10, 7, 8, 7, 7, 3, 3, 3, 10, 7, 10, 3, 2, 11, 11, 7, 10, 11, 11, 2, 11, 3, 10, 11, 10, 7, 3, 10, 2, 3, 10, 7, 11, 4, 3, 7, 2, 2, 11, 7, 4, 11] f(x) = 0.28253431430718706
Best solution in generation 231 is: x = [10, 3, 10, 7, 7, 2, 2, 3, 7, 2, 10, 5, 11, 2, 11, 7, 11, 3, 7, 3, 10, 7, 8, 7, 7, 3, 3, 3, 10, 7, 10, 3, 2, 11, 11, 7, 10, 11, 11, 2, 11, 3, 10, 11, 10, 7, 3, 10, 2, 3, 10, 7, 11, 4, 3, 7, 2, 2, 11, 7, 4, 11] f(x) = 0.28253431430718706
Best solution in generation 232 is: x = [10, 3, 10, 7, 7, 2, 2, 3, 7, 2, 10, 5, 11, 2, 11, 7, 11, 3, 7, 3, 10, 7, 8, 7, 7, 3, 3, 3, 10, 7, 10, 3, 2, 11, 11, 7, 10, 11, 11, 2, 11, 3, 10, 11, 10, 7, 3, 10, 2, 3, 10, 7, 11, 4, 3, 7, 2, 2, 11, 7, 4, 11] f(x) = 0.28253431430718706
Best solution in generation 233 is: x = [10, 3, 10, 7, 7, 2, 2, 3, 7, 2, 10, 5, 8, 2, 11, 7, 11, 3, 7, 3, 10, 7, 8, 7, 7, 3, 3, 3, 10, 7, 10, 3, 2, 11, 11, 7, 10, 11, 11, 2, 11, 3, 10, 11, 10, 7, 3, 10, 2, 3, 11, 7, 11, 4, 3, 7, 2, 2, 11, 7, 4, 11] f(x) = 0.2831078675685297
Best solution in generation 234 is: x = [10, 3, 10, 7, 7, 2, 2, 3, 7, 2, 10, 5, 8, 2, 11, 7, 11, 3, 7, 3, 10, 7, 8, 7, 7, 3, 3, 3, 10, 7, 10, 3, 2, 11, 11, 7, 10, 11, 11, 2, 11, 3, 10, 11, 10, 7, 3, 10, 2, 3, 11, 7, 11, 4, 3, 7, 2, 2, 11, 7, 4, 11] f(x) = 0.2831078675685297
Best solution in generation 235 is: x = [10, 3, 10, 7, 7, 2, 2, 3, 7, 2, 10, 5, 8, 2, 11, 7, 11, 3, 7, 3, 10, 7, 8, 7, 7, 3, 3, 3, 10, 7, 10, 3, 2, 11, 11, 7, 10, 11, 11, 2, 11, 3, 10, 11, 10, 7, 3, 10, 2, 3, 11, 7, 11, 4, 3, 7, 2, 2, 11, 7, 4, 11] f(x) = 0.2831078675685297
Best solution in generation 236 is: x = [10, 3, 10, 7, 7, 2, 2, 3, 7, 2, 10, 5, 8, 2, 11, 7, 11, 3, 7, 3, 10, 7, 8, 7, 7, 3, 3, 3, 10, 7, 10, 3, 2, 11, 11, 7, 10, 11, 11, 2, 11, 3, 10, 11, 10, 7, 3, 10, 2, 3, 11, 7, 11, 4, 3, 7, 2, 2, 11, 7, 4, 11] f(x) = 0.2831078675685297
Best solution in generation 237 is: x = [10, 3, 10, 7, 7, 2, 2, 3, 7, 2, 10, 5, 8, 2, 11, 7, 11, 3, 7, 3, 10, 7, 8, 7, 7, 3, 3, 3, 10, 7, 10, 3, 2, 11, 11, 7, 10, 11, 11, 2, 11, 3, 10, 11, 10, 7, 3, 10, 2, 3, 11, 7, 11, 4, 3, 7, 2, 2, 11, 7, 4, 11] f(x) = 0.2831078675685297
Best solution in generation 238 is: x = [10, 3, 10, 7, 7, 2, 2, 3, 7, 2, 10, 5, 8, 2, 11, 7, 11, 3, 7, 3, 10, 7, 8, 7, 7, 3, 3, 3, 10, 7, 10, 3, 2, 11, 11, 7, 10, 11, 11, 2, 11, 3, 10, 11, 10, 7, 3, 10, 2, 3, 11, 7, 11, 4, 3, 7, 2, 2, 11, 7, 4, 11] f(x) = 0.2831078675685297
Best solution in generation 239 is: x = [10, 3, 10, 7, 7, 2, 2, 3, 7, 2, 10, 5, 8, 2, 11, 7, 11, 3, 7, 3, 10, 7, 8, 7, 7, 3, 3, 3, 10, 7, 10, 3, 2, 11, 11, 7, 10, 11, 11, 2, 11, 3, 10, 11, 10, 7, 3, 10, 2, 3, 11, 7, 11, 4, 3, 7, 2, 2, 11, 7, 4, 11] f(x) = 0.2831078675685297
Best solution in generation 240 is: x = [10, 3, 10, 7, 7, 2, 2, 3, 7, 2, 10, 5, 8, 2, 11, 7, 11, 3, 7, 3, 10, 7, 8, 7, 7, 3, 3, 3, 10, 7, 10, 3, 2, 11, 11, 7, 10, 11, 11, 2, 11, 3, 10, 11, 10, 7, 3, 10, 2, 3, 11, 7, 11, 4, 3, 7, 2, 2, 11, 7, 4, 11] f(x) = 0.2831078675685297
Best solution in generation 241 is: x = [10, 3, 10, 7, 7, 2, 2, 3, 7, 2, 10, 5, 8, 2, 11, 7, 11, 3, 7, 3, 10, 7, 8, 7, 7, 3, 3, 3, 10, 7, 10, 3, 2, 11, 11, 7, 10, 11, 11, 2, 11, 3, 10, 11, 10, 7, 3, 10, 2, 3, 11, 7, 11, 4, 3, 7, 2, 2, 11, 7, 4, 11] f(x) = 0.2831078675685297
Best solution in generation 242 is: x = [10, 3, 10, 7, 7, 2, 2, 3, 7, 2, 10, 5, 8, 2, 11, 7, 11, 3, 7, 3, 10, 7, 8, 7, 7, 3, 3, 3, 10, 7, 10, 3, 2, 11, 11, 7, 10, 11, 11, 2, 11, 3, 10, 11, 10, 7, 3, 10, 2, 3, 11, 7, 11, 4, 3, 7, 2, 2, 11, 7, 4, 11] f(x) = 0.2831078675685297
Best solution in generation 243 is: x = [10, 3, 10, 7, 7, 2, 2, 3, 7, 2, 10, 5, 8, 2, 11, 7, 11, 3, 7, 3, 10, 7, 8, 7, 7, 3, 3, 3, 10, 7, 10, 3, 2, 11, 11, 7, 10, 11, 11, 2, 11, 3, 10, 11, 10, 7, 3, 10, 2, 3, 11, 7, 11, 4, 3, 7, 2, 2, 11, 7, 4, 11] f(x) = 0.2831078675685297
Best solution in generation 244 is: x = [10, 3, 10, 7, 7, 2, 2, 3, 7, 2, 10, 5, 8, 2, 11, 7, 11, 3, 7, 3, 10, 7, 8, 7, 7, 3, 3, 3, 10, 7, 10, 3, 2, 11, 11, 7, 10, 11, 11, 2, 11, 3, 10, 11, 10, 7, 3, 10, 2, 3, 11, 7, 11, 4, 3, 7, 2, 2, 11, 7, 4, 11] f(x) = 0.2831078675685297
Best solution in generation 245 is: x = [10, 3, 10, 7, 7, 2, 2, 3, 7, 2, 10, 5, 8, 2, 11, 7, 11, 3, 7, 3, 10, 7, 8, 7, 7, 3, 3, 3, 10, 7, 10, 3, 2, 11, 11, 7, 10, 11, 11, 2, 11, 3, 10, 11, 10, 7, 3, 10, 2, 3, 11, 7, 11, 4, 3, 7, 2, 2, 11, 7, 4, 11] f(x) = 0.2831078675685297
Best solution in generation 246 is: x = [10, 3, 10, 7, 7, 2, 2, 3, 7, 2, 10, 5, 8, 2, 11, 7, 11, 3, 7, 3, 10, 7, 8, 7, 7, 3, 3, 3, 10, 7, 10, 3, 2, 11, 11, 7, 10, 11, 11, 2, 11, 3, 10, 11, 10, 7, 3, 10, 2, 3, 11, 7, 11, 4, 3, 7, 2, 2, 11, 7, 4, 11] f(x) = 0.2831078675685297
Best solution in generation 247 is: x = [10, 3, 10, 7, 7, 2, 2, 3, 7, 2, 10, 5, 8, 2, 11, 7, 11, 3, 7, 3, 10, 7, 8, 7, 7, 3, 3, 3, 10, 7, 10, 3, 2, 11, 11, 7, 10, 11, 11, 2, 11, 3, 10, 11, 10, 7, 3, 10, 2, 3, 11, 7, 11, 4, 3, 7, 2, 2, 11, 7, 4, 11] f(x) = 0.2831078675685297
Best solution in generation 248 is: x = [10, 3, 10, 7, 7, 2, 2, 3, 7, 2, 10, 5, 8, 2, 11, 7, 11, 3, 7, 3, 10, 7, 8, 7, 7, 3, 3, 3, 10, 7, 10, 3, 2, 11, 11, 7, 10, 11, 11, 2, 11, 3, 10, 11, 10, 7, 3, 10, 2, 3, 11, 7, 11, 4, 3, 7, 2, 2, 11, 7, 4, 11] f(x) = 0.2831078675685297
Best solution in generation 249 is: x = [10, 3, 10, 7, 7, 2, 2, 3, 7, 2, 10, 5, 8, 2, 11, 7, 11, 3, 7, 3, 10, 7, 8, 7, 7, 3, 3, 3, 10, 7, 10, 3, 2, 11, 11, 7, 10, 11, 11, 2, 11, 3, 10, 11, 10, 7, 3, 10, 2, 3, 11, 7, 11, 4, 3, 7, 2, 2, 11, 7, 4, 11] f(x) = 0.2831078675685297
Best repres&fitness: [10, 3, 10, 7, 7, 2, 2, 3, 7, 2, 10, 5, 8, 2, 11, 7, 11, 3, 7, 3, 10, 7, 8, 7, 7, 3, 3, 3, 10, 7, 10, 3, 2, 11, 11, 7, 10, 11, 11, 2, 11, 3, 10, 11, 10, 7, 3, 10, 2, 3, 11, 7, 11, 4, 3, 7, 2, 2, 11, 7, 4, 11] 0.2831078675685297
Nr. de comunitati: 8