Best solution in generation 0 is: x = [9, 9, 4, 10, 9, 2, 5, 9, 8, 2, 2, 9, 7, 11, 5, 3, 8, 10, 4, 11, 5, 10, 2, 9, 5, 6, 3, 3, 8, 3, 8, 7, 9, 6, 4, 10, 11, 8, 10, 5, 5, 5, 4, 10, 1, 4, 4, 4, 10, 3, 7, 2, 10, 1, 9, 5, 4, 7, 10, 10, 7, 3, 11, 2, 6, 3, 11, 3, 2, 7, 3, 3, 10, 3, 9, 9, 3, 11, 7, 1, 8, 1, 1, 1, 7, 7, 1, 10, 3, 6, 10, 6, 3, 8, 2, 4, 8, 11, 10, 1, 10, 11, 11, 8, 11, 6, 3, 4, 10, 1, 8, 11, 11, 6, 5] f(x) = 0.03454582469549111
Best solution in generation 1 is: x = [9, 10, 1, 11, 10, 3, 8, 4, 5, 4, 3, 5, 1, 5, 6, 3, 2, 6, 4, 10, 5, 10, 1, 7, 11, 6, 9, 7, 7, 8, 6, 9, 11, 10, 5, 3, 7, 10, 9, 6, 1, 9, 4, 1, 3, 2, 10, 8, 1, 10, 10, 3, 11, 10, 3, 6, 1, 1, 6, 9, 2, 2, 11, 7, 4, 2, 7, 10, 7, 2, 7, 10, 11, 10, 3, 6, 9, 10, 7, 9, 3, 3, 6, 1, 3, 2, 3, 11, 4, 4, 4, 4, 9, 3, 2, 2, 8, 1, 9, 5, 8, 9, 3, 9, 11, 11, 2, 3, 9, 4, 10, 3, 8, 9, 4] f(x) = 0.04108308561909043
Best solution in generation 2 is: x = [9, 10, 1, 11, 10, 3, 8, 4, 5, 4, 3, 5, 1, 5, 6, 3, 2, 6, 4, 10, 5, 10, 1, 7, 11, 6, 9, 7, 7, 8, 6, 9, 11, 10, 5, 3, 7, 10, 9, 6, 1, 9, 4, 1, 3, 2, 10, 8, 1, 10, 10, 3, 11, 10, 3, 6, 1, 1, 6, 9, 2, 2, 11, 7, 4, 2, 7, 10, 7, 2, 7, 10, 11, 10, 3, 6, 9, 10, 7, 9, 3, 3, 6, 1, 3, 2, 3, 11, 4, 4, 4, 4, 9, 3, 2, 2, 8, 1, 9, 5, 8, 9, 3, 9, 11, 11, 2, 3, 9, 4, 10, 3, 8, 9, 4] f(x) = 0.04108308561909043
Best solution in generation 3 is: x = [9, 10, 1, 11, 10, 3, 8, 4, 5, 4, 3, 5, 1, 5, 6, 3, 2, 6, 4, 10, 5, 10, 1, 7, 11, 6, 9, 7, 7, 8, 6, 9, 11, 10, 5, 3, 7, 10, 9, 6, 1, 9, 4, 1, 3, 2, 10, 8, 1, 10, 10, 3, 11, 10, 3, 6, 1, 1, 6, 9, 2, 4, 11, 7, 4, 2, 7, 10, 7, 2, 7, 10, 11, 10, 3, 6, 9, 10, 7, 9, 3, 3, 6, 1, 3, 2, 3, 11, 4, 4, 4, 4, 9, 3, 2, 2, 8, 3, 5, 9, 8, 9, 3, 9, 11, 11, 2, 3, 9, 4, 10, 3, 8, 9, 4] f(x) = 0.04344224776391879
Best solution in generation 4 is: x = [9, 10, 1, 11, 10, 3, 8, 4, 5, 4, 3, 5, 1, 5, 6, 3, 2, 6, 4, 10, 5, 10, 1, 7, 11, 6, 9, 7, 7, 8, 6, 9, 11, 10, 5, 3, 7, 10, 9, 6, 1, 9, 4, 1, 3, 2, 10, 8, 1, 10, 10, 3, 11, 10, 3, 6, 1, 1, 6, 9, 2, 4, 11, 7, 4, 2, 7, 10, 7, 2, 7, 10, 11, 10, 3, 6, 9, 10, 7, 9, 3, 3, 6, 1, 3, 2, 3, 11, 4, 4, 4, 4, 9, 3, 2, 2, 8, 3, 5, 9, 8, 9, 3, 9, 11, 11, 2, 3, 9, 4, 10, 3, 8, 9, 4] f(x) = 0.04344224776391879
Best solution in generation 5 is: x = [9, 10, 1, 11, 10, 3, 8, 4, 5, 4, 3, 5, 1, 5, 6, 3, 2, 6, 4, 10, 5, 10, 1, 7, 11, 6, 9, 7, 7, 8, 6, 9, 11, 10, 5, 3, 7, 10, 9, 6, 1, 9, 4, 1, 3, 2, 10, 8, 1, 10, 10, 3, 11, 10, 3, 6, 1, 1, 6, 9, 2, 4, 11, 7, 4, 2, 7, 10, 7, 2, 7, 10, 11, 10, 3, 6, 9, 10, 7, 9, 3, 3, 6, 1, 3, 2, 3, 11, 4, 4, 4, 4, 9, 3, 2, 2, 8, 3, 5, 9, 8, 9, 3, 9, 11, 11, 2, 3, 9, 4, 10, 3, 8, 9, 4] f(x) = 0.04344224776391879
Best solution in generation 6 is: x = [9, 10, 1, 11, 10, 3, 8, 4, 5, 4, 3, 9, 7, 11, 6, 3, 2, 6, 4, 10, 5, 10, 1, 7, 11, 6, 9, 7, 7, 8, 6, 9, 11, 10, 5, 3, 7, 10, 9, 6, 1, 9, 4, 1, 3, 2, 10, 8, 1, 10, 10, 3, 11, 10, 3, 6, 1, 1, 6, 9, 2, 4, 11, 7, 4, 2, 7, 10, 7, 2, 7, 10, 11, 10, 3, 6, 9, 10, 7, 9, 3, 3, 6, 1, 3, 2, 3, 11, 4, 4, 4, 4, 9, 3, 2, 2, 8, 3, 11, 9, 8, 9, 3, 9, 11, 11, 2, 3, 9, 4, 10, 3, 8, 9, 4] f(x) = 0.04479680335525284
Best solution in generation 7 is: x = [9, 10, 1, 11, 10, 3, 8, 4, 5, 4, 3, 9, 7, 11, 6, 3, 2, 6, 4, 10, 5, 10, 1, 7, 11, 6, 9, 7, 7, 8, 6, 9, 11, 10, 5, 3, 7, 10, 9, 6, 1, 9, 4, 1, 3, 2, 10, 8, 1, 10, 10, 3, 11, 10, 3, 6, 1, 1, 6, 9, 2, 4, 11, 7, 4, 2, 7, 10, 7, 2, 7, 10, 11, 10, 3, 6, 9, 10, 7, 9, 3, 3, 6, 1, 3, 2, 3, 11, 4, 4, 4, 4, 9, 3, 2, 2, 8, 3, 11, 9, 8, 9, 3, 9, 11, 11, 2, 3, 9, 4, 10, 3, 8, 9, 4] f(x) = 0.04479680335525284
Best solution in generation 8 is: x = [9, 9, 4, 11, 10, 3, 8, 4, 5, 4, 3, 9, 7, 11, 6, 3, 2, 6, 4, 10, 5, 10, 1, 7, 11, 6, 9, 7, 7, 8, 6, 9, 11, 10, 5, 3, 7, 10, 9, 6, 1, 9, 4, 1, 3, 2, 10, 8, 1, 10, 10, 3, 11, 10, 3, 6, 1, 1, 6, 9, 2, 4, 11, 7, 4, 2, 7, 10, 7, 2, 7, 10, 11, 10, 3, 6, 9, 10, 7, 9, 3, 3, 6, 1, 3, 2, 3, 11, 4, 4, 4, 4, 9, 3, 2, 2, 8, 3, 11, 9, 8, 9, 3, 9, 11, 8, 2, 3, 9, 4, 10, 3, 8, 9, 4] f(x) = 0.046046241174764274
Best solution in generation 9 is: x = [9, 10, 1, 11, 10, 3, 8, 4, 5, 4, 3, 5, 1, 5, 6, 3, 2, 6, 4, 10, 5, 10, 1, 7, 11, 6, 9, 7, 7, 8, 6, 9, 11, 10, 5, 3, 7, 10, 9, 6, 1, 9, 4, 1, 3, 2, 10, 8, 1, 10, 10, 3, 11, 10, 3, 6, 1, 1, 6, 9, 2, 4, 11, 7, 4, 2, 7, 10, 7, 2, 7, 10, 11, 10, 3, 6, 9, 10, 7, 2, 3, 3, 6, 1, 3, 2, 3, 11, 4, 4, 4, 4, 11, 3, 2, 2, 8, 3, 3, 9, 8, 9, 3, 9, 11, 11, 2, 3, 9, 4, 10, 3, 8, 9, 4] f(x) = 0.0483601627595677
Best solution in generation 10 is: x = [9, 10, 1, 11, 10, 3, 8, 4, 5, 4, 3, 5, 1, 5, 6, 3, 2, 6, 4, 10, 5, 10, 1, 7, 11, 6, 9, 7, 7, 8, 6, 9, 11, 10, 5, 3, 7, 10, 9, 6, 1, 9, 4, 1, 3, 2, 10, 8, 1, 10, 10, 3, 11, 10, 3, 6, 1, 1, 6, 9, 2, 4, 11, 7, 4, 2, 7, 10, 7, 2, 7, 10, 11, 10, 3, 6, 9, 10, 7, 2, 3, 3, 6, 1, 3, 2, 3, 11, 4, 4, 4, 4, 11, 3, 2, 2, 8, 3, 3, 9, 8, 9, 3, 9, 11, 11, 2, 3, 9, 4, 10, 3, 8, 9, 4] f(x) = 0.0483601627595677
Best solution in generation 11 is: x = [9, 10, 1, 4, 10, 3, 8, 4, 5, 4, 3, 5, 1, 5, 6, 3, 2, 6, 4, 10, 5, 10, 1, 7, 11, 6, 9, 7, 7, 8, 6, 9, 11, 10, 5, 3, 7, 10, 9, 6, 1, 9, 4, 1, 3, 2, 10, 8, 1, 10, 10, 3, 11, 10, 3, 6, 1, 1, 6, 9, 2, 4, 11, 7, 4, 2, 7, 10, 7, 2, 7, 10, 11, 10, 3, 6, 9, 10, 7, 9, 3, 3, 6, 1, 3, 2, 3, 11, 4, 4, 4, 4, 11, 3, 6, 2, 8, 3, 3, 9, 8, 9, 3, 9, 11, 11, 2, 3, 9, 4, 10, 3, 8, 9, 4] f(x) = 0.049698751094422365
Best solution in generation 12 is: x = [9, 10, 1, 4, 10, 3, 8, 4, 5, 4, 3, 5, 1, 5, 6, 3, 2, 6, 4, 10, 5, 10, 1, 7, 11, 6, 9, 7, 7, 8, 6, 9, 11, 10, 5, 3, 7, 10, 9, 6, 1, 9, 4, 1, 3, 2, 10, 8, 1, 10, 10, 3, 11, 10, 3, 6, 1, 1, 6, 9, 2, 4, 11, 7, 4, 2, 7, 10, 7, 2, 7, 10, 11, 10, 3, 6, 9, 10, 7, 9, 3, 3, 6, 1, 3, 2, 3, 11, 4, 4, 4, 4, 11, 3, 6, 2, 8, 3, 3, 9, 8, 9, 3, 9, 11, 11, 2, 3, 9, 4, 10, 3, 8, 9, 4] f(x) = 0.049698751094422365
Best solution in generation 13 is: x = [9, 10, 1, 11, 10, 3, 8, 4, 5, 4, 3, 5, 1, 5, 6, 3, 2, 6, 4, 10, 5, 10, 1, 7, 11, 6, 9, 7, 7, 8, 6, 9, 11, 10, 5, 3, 7, 10, 9, 6, 1, 9, 4, 1, 3, 2, 10, 8, 1, 10, 10, 3, 11, 10, 3, 6, 2, 1, 6, 9, 2, 4, 11, 7, 4, 2, 7, 10, 7, 2, 7, 10, 11, 10, 3, 5, 9, 10, 7, 2, 3, 3, 6, 1, 3, 2, 3, 11, 4, 4, 4, 4, 11, 3, 2, 2, 8, 3, 3, 9, 8, 5, 3, 9, 11, 11, 2, 3, 9, 4, 10, 3, 8, 9, 4] f(x) = 0.05120366501760391
Best solution in generation 14 is: x = [9, 10, 1, 4, 10, 3, 8, 4, 5, 4, 3, 5, 1, 5, 6, 3, 2, 6, 4, 10, 5, 10, 1, 7, 11, 6, 9, 7, 7, 8, 6, 9, 11, 10, 5, 3, 7, 10, 9, 6, 1, 9, 4, 1, 3, 11, 10, 8, 1, 10, 10, 3, 11, 10, 3, 6, 2, 1, 6, 9, 2, 4, 11, 7, 4, 2, 7, 10, 7, 2, 7, 10, 11, 10, 3, 6, 9, 10, 7, 9, 3, 3, 6, 1, 3, 2, 3, 11, 4, 4, 4, 4, 11, 3, 6, 2, 8, 3, 3, 9, 8, 9, 3, 9, 11, 11, 2, 3, 9, 4, 10, 3, 8, 9, 4] f(x) = 0.05329803682581598
Best solution in generation 15 is: x = [9, 10, 1, 11, 10, 3, 8, 4, 5, 4, 3, 5, 1, 5, 6, 3, 2, 6, 4, 10, 5, 10, 1, 7, 11, 6, 9, 7, 7, 8, 6, 9, 11, 10, 5, 3, 5, 2, 9, 6, 11, 9, 4, 1, 3, 2, 10, 8, 1, 10, 5, 3, 11, 10, 3, 6, 1, 1, 6, 9, 2, 4, 11, 7, 4, 2, 7, 10, 7, 2, 7, 10, 11, 10, 3, 5, 5, 10, 7, 2, 3, 3, 6, 1, 3, 2, 3, 11, 4, 4, 4, 4, 11, 3, 2, 2, 8, 3, 3, 9, 8, 5, 3, 9, 11, 11, 2, 3, 9, 4, 10, 3, 8, 9, 4] f(x) = 0.054201517421607524
Best solution in generation 16 is: x = [9, 10, 1, 11, 10, 3, 8, 4, 5, 4, 3, 5, 1, 5, 6, 3, 2, 6, 4, 10, 5, 10, 1, 7, 11, 6, 9, 7, 7, 8, 6, 9, 11, 10, 5, 3, 5, 2, 9, 6, 11, 9, 4, 1, 3, 2, 10, 8, 1, 10, 5, 3, 11, 10, 3, 6, 1, 1, 6, 9, 2, 4, 11, 7, 4, 2, 7, 10, 7, 2, 7, 10, 11, 10, 3, 5, 5, 10, 7, 2, 3, 3, 6, 1, 3, 2, 3, 11, 4, 4, 4, 4, 11, 3, 2, 2, 8, 3, 3, 9, 8, 5, 3, 7, 11, 11, 2, 3, 9, 4, 10, 3, 8, 9, 4] f(x) = 0.055030484153828656
Best solution in generation 17 is: x = [9, 10, 1, 11, 10, 3, 8, 4, 5, 4, 3, 5, 1, 5, 6, 3, 2, 6, 4, 10, 5, 10, 1, 7, 11, 6, 9, 7, 7, 8, 6, 9, 11, 10, 5, 3, 5, 2, 9, 6, 11, 9, 4, 1, 3, 2, 10, 8, 1, 10, 5, 3, 11, 10, 3, 6, 1, 1, 6, 9, 2, 4, 11, 7, 4, 2, 7, 10, 7, 2, 7, 10, 11, 10, 3, 5, 5, 10, 7, 2, 3, 3, 6, 1, 3, 2, 3, 11, 4, 3, 7, 1, 11, 3, 2, 2, 8, 3, 3, 9, 8, 5, 3, 9, 11, 11, 2, 3, 9, 4, 10, 3, 8, 9, 4] f(x) = 0.055574701478834185
Best solution in generation 18 is: x = [9, 10, 1, 11, 10, 3, 8, 4, 5, 4, 3, 5, 1, 5, 9, 3, 2, 6, 4, 10, 5, 10, 3, 7, 11, 6, 10, 7, 7, 8, 6, 9, 11, 10, 5, 3, 5, 2, 9, 6, 11, 9, 4, 1, 3, 2, 10, 8, 1, 10, 5, 3, 11, 10, 3, 6, 1, 1, 6, 9, 3, 4, 11, 7, 4, 2, 7, 10, 7, 2, 7, 10, 11, 10, 3, 5, 5, 10, 7, 2, 3, 3, 6, 1, 3, 2, 3, 11, 4, 4, 4, 4, 11, 3, 2, 2, 8, 3, 3, 9, 8, 5, 3, 9, 11, 11, 2, 3, 9, 4, 10, 3, 8, 9, 4] f(x) = 0.055786267627186054
Best solution in generation 19 is: x = [9, 10, 1, 4, 10, 3, 8, 4, 5, 4, 3, 5, 1, 5, 6, 6, 2, 6, 4, 10, 5, 10, 1, 7, 11, 6, 9, 7, 7, 8, 6, 9, 11, 10, 5, 3, 7, 10, 9, 6, 1, 9, 4, 1, 3, 11, 10, 8, 1, 10, 10, 3, 11, 10, 3, 6, 2, 1, 6, 9, 2, 4, 11, 7, 4, 2, 7, 10, 7, 2, 11, 10, 11, 10, 3, 6, 9, 10, 7, 9, 3, 3, 6, 1, 3, 2, 3, 11, 4, 4, 4, 4, 11, 3, 6, 2, 8, 3, 3, 9, 8, 9, 3, 9, 11, 11, 2, 3, 4, 4, 10, 3, 8, 9, 4] f(x) = 0.05666712794296509
Best solution in generation 20 is: x = [9, 10, 1, 11, 10, 3, 8, 4, 5, 4, 3, 5, 1, 5, 9, 3, 2, 6, 4, 10, 5, 10, 3, 7, 11, 6, 9, 7, 7, 8, 6, 9, 11, 10, 5, 3, 5, 2, 9, 6, 11, 9, 4, 1, 3, 2, 10, 8, 1, 10, 5, 3, 11, 10, 3, 6, 1, 1, 6, 9, 3, 4, 11, 7, 4, 2, 7, 10, 7, 2, 7, 10, 11, 10, 3, 5, 5, 10, 7, 2, 3, 3, 6, 1, 3, 2, 3, 11, 4, 4, 4, 4, 11, 3, 2, 7, 8, 3, 3, 9, 8, 5, 3, 9, 11, 11, 2, 3, 9, 4, 10, 3, 8, 9, 4] f(x) = 0.057814109200067305
Best solution in generation 21 is: x = [9, 10, 1, 11, 10, 3, 8, 4, 5, 4, 3, 5, 1, 5, 9, 3, 10, 6, 4, 10, 5, 10, 3, 7, 11, 6, 9, 7, 7, 8, 6, 9, 11, 10, 5, 3, 5, 2, 9, 6, 11, 9, 4, 1, 3, 2, 10, 8, 1, 10, 5, 3, 11, 10, 3, 6, 1, 1, 6, 9, 3, 4, 11, 7, 4, 2, 7, 10, 7, 2, 7, 10, 11, 10, 3, 5, 5, 10, 7, 2, 3, 3, 6, 1, 3, 2, 3, 11, 4, 4, 4, 4, 11, 3, 2, 7, 8, 3, 3, 9, 8, 5, 3, 9, 11, 11, 2, 3, 9, 4, 10, 3, 8, 9, 4] f(x) = 0.058785450635896186
Best solution in generation 22 is: x = [9, 10, 1, 11, 10, 3, 8, 4, 5, 4, 3, 5, 1, 5, 9, 3, 2, 6, 4, 10, 5, 10, 7, 7, 11, 6, 9, 7, 7, 8, 6, 9, 11, 10, 5, 3, 5, 2, 9, 6, 11, 9, 4, 1, 3, 2, 10, 8, 1, 10, 5, 3, 11, 10, 3, 6, 1, 1, 6, 9, 3, 4, 11, 7, 4, 2, 7, 10, 7, 2, 7, 10, 11, 10, 3, 5, 5, 10, 7, 2, 3, 3, 6, 1, 3, 2, 3, 11, 4, 4, 4, 4, 11, 3, 2, 7, 8, 3, 3, 9, 8, 5, 3, 9, 11, 11, 2, 3, 9, 4, 10, 3, 8, 9, 4] f(x) = 0.05984594258706834
Best solution in generation 23 is: x = [9, 10, 1, 11, 10, 3, 8, 9, 10, 4, 3, 5, 1, 5, 9, 3, 10, 6, 4, 10, 5, 10, 3, 7, 11, 6, 9, 7, 7, 6, 6, 9, 11, 10, 5, 3, 5, 2, 9, 6, 11, 9, 4, 1, 3, 2, 10, 8, 1, 10, 5, 3, 11, 10, 3, 6, 1, 1, 6, 9, 3, 4, 11, 7, 4, 2, 7, 10, 7, 2, 7, 10, 11, 10, 3, 5, 5, 10, 7, 2, 3, 3, 6, 1, 3, 2, 3, 11, 4, 4, 4, 4, 11, 3, 2, 7, 8, 3, 3, 9, 8, 5, 3, 9, 11, 11, 2, 3, 9, 4, 10, 3, 8, 9, 4] f(x) = 0.06242066269436832
Best solution in generation 24 is: x = [9, 10, 1, 11, 10, 3, 8, 9, 10, 4, 3, 5, 1, 5, 9, 3, 10, 6, 4, 4, 5, 10, 3, 7, 11, 6, 9, 7, 7, 6, 6, 9, 11, 10, 5, 3, 5, 2, 9, 6, 11, 9, 4, 1, 3, 2, 10, 8, 1, 10, 5, 3, 11, 10, 3, 6, 1, 1, 6, 9, 3, 4, 11, 7, 4, 2, 7, 10, 7, 2, 7, 10, 11, 10, 3, 1, 9, 10, 7, 2, 3, 3, 6, 1, 3, 2, 3, 11, 4, 4, 4, 4, 11, 3, 2, 7, 8, 3, 3, 9, 8, 5, 3, 9, 11, 11, 2, 3, 9, 4, 10, 3, 8, 9, 4] f(x) = 0.06387900545281835
Best solution in generation 25 is: x = [9, 10, 1, 11, 10, 3, 8, 9, 10, 4, 3, 5, 1, 5, 9, 3, 10, 6, 4, 4, 5, 10, 3, 7, 11, 6, 9, 7, 7, 6, 6, 9, 11, 10, 5, 3, 7, 10, 9, 6, 11, 9, 4, 1, 3, 2, 10, 8, 1, 10, 5, 3, 11, 10, 3, 6, 1, 1, 6, 9, 3, 4, 11, 7, 4, 2, 7, 10, 7, 2, 7, 10, 11, 10, 3, 1, 9, 10, 7, 2, 3, 3, 6, 1, 3, 2, 3, 11, 4, 4, 4, 4, 11, 3, 2, 7, 8, 3, 3, 9, 8, 5, 3, 9, 11, 11, 3, 3, 9, 4, 10, 3, 8, 9, 4] f(x) = 0.06477716362978345
Best solution in generation 26 is: x = [9, 10, 1, 11, 10, 3, 8, 9, 10, 4, 3, 5, 1, 5, 9, 3, 10, 6, 4, 4, 5, 10, 3, 7, 11, 6, 9, 7, 7, 6, 6, 9, 11, 10, 5, 3, 7, 10, 9, 6, 11, 9, 4, 1, 3, 2, 10, 8, 1, 10, 5, 3, 11, 10, 3, 6, 1, 1, 6, 9, 3, 4, 11, 7, 4, 1, 7, 10, 7, 2, 7, 10, 11, 10, 3, 1, 9, 10, 7, 2, 3, 3, 6, 1, 3, 2, 3, 11, 4, 4, 4, 4, 11, 3, 2, 7, 8, 3, 3, 9, 8, 5, 3, 9, 11, 11, 3, 3, 9, 4, 10, 3, 8, 9, 4] f(x) = 0.06531339732654927
Best solution in generation 27 is: x = [9, 10, 1, 11, 10, 3, 8, 9, 10, 4, 3, 5, 1, 5, 9, 3, 10, 6, 4, 4, 5, 10, 3, 7, 11, 6, 9, 7, 7, 6, 6, 9, 11, 10, 5, 3, 7, 10, 9, 6, 11, 9, 4, 1, 3, 2, 10, 8, 1, 10, 5, 3, 11, 10, 3, 6, 1, 1, 6, 9, 3, 4, 11, 7, 4, 1, 7, 10, 7, 2, 7, 10, 11, 10, 3, 1, 9, 10, 7, 4, 3, 3, 6, 1, 3, 2, 3, 11, 4, 4, 4, 4, 11, 3, 2, 7, 8, 3, 3, 9, 8, 5, 3, 9, 11, 11, 3, 3, 9, 4, 10, 3, 8, 9, 4] f(x) = 0.06593745093395173
Best solution in generation 28 is: x = [9, 10, 9, 11, 10, 3, 8, 9, 10, 4, 3, 5, 1, 5, 9, 3, 10, 6, 4, 4, 5, 10, 3, 7, 11, 6, 9, 7, 7, 6, 6, 9, 11, 10, 10, 3, 5, 10, 9, 6, 11, 9, 4, 1, 3, 2, 10, 8, 1, 10, 5, 3, 11, 10, 3, 6, 8, 1, 6, 9, 3, 4, 11, 7, 4, 2, 7, 10, 7, 2, 7, 10, 11, 10, 3, 1, 9, 10, 7, 2, 3, 3, 6, 1, 3, 2, 3, 11, 4, 4, 4, 4, 11, 3, 2, 7, 8, 3, 3, 9, 8, 5, 3, 9, 11, 11, 3, 3, 9, 4, 10, 3, 8, 9, 4] f(x) = 0.06646703160718447
Best solution in generation 29 is: x = [9, 10, 9, 11, 10, 3, 8, 9, 10, 4, 3, 5, 1, 5, 9, 3, 10, 6, 4, 4, 5, 10, 10, 7, 11, 6, 9, 7, 7, 6, 6, 9, 11, 10, 10, 3, 5, 10, 9, 6, 11, 9, 4, 1, 3, 2, 10, 8, 1, 10, 5, 3, 11, 10, 3, 6, 8, 1, 6, 9, 3, 4, 11, 7, 4, 2, 7, 10, 7, 2, 7, 10, 11, 10, 3, 1, 9, 10, 7, 2, 3, 3, 6, 1, 3, 2, 3, 11, 4, 4, 5, 4, 11, 3, 2, 7, 8, 3, 3, 9, 8, 5, 3, 9, 11, 11, 3, 3, 9, 4, 10, 3, 8, 9, 4] f(x) = 0.06945956159236162
Best solution in generation 30 is: x = [9, 10, 9, 11, 10, 3, 8, 9, 10, 4, 3, 5, 1, 5, 9, 3, 10, 6, 4, 4, 5, 10, 10, 7, 11, 6, 9, 7, 7, 6, 6, 9, 11, 10, 10, 3, 5, 10, 9, 6, 11, 9, 4, 1, 3, 2, 10, 8, 1, 10, 5, 3, 3, 10, 3, 6, 8, 1, 6, 9, 3, 4, 11, 7, 4, 2, 7, 10, 7, 2, 7, 10, 11, 10, 3, 1, 9, 10, 7, 2, 3, 3, 6, 1, 3, 2, 3, 11, 4, 4, 5, 4, 11, 3, 2, 7, 8, 3, 3, 9, 8, 5, 3, 9, 11, 11, 3, 3, 9, 4, 10, 3, 8, 9, 4] f(x) = 0.07080214174133617
Best solution in generation 31 is: x = [9, 10, 9, 11, 10, 3, 8, 9, 10, 4, 3, 5, 1, 5, 9, 3, 10, 6, 4, 4, 5, 10, 10, 7, 11, 6, 9, 7, 7, 6, 6, 9, 11, 10, 10, 3, 5, 10, 9, 6, 11, 9, 4, 1, 3, 2, 10, 8, 1, 10, 5, 3, 3, 10, 3, 6, 8, 1, 6, 9, 3, 4, 11, 7, 4, 2, 7, 10, 7, 2, 7, 10, 11, 10, 3, 1, 9, 10, 7, 2, 3, 3, 6, 1, 3, 2, 3, 11, 4, 4, 5, 4, 11, 3, 2, 7, 8, 3, 3, 9, 8, 5, 3, 9, 11, 11, 3, 3, 9, 4, 10, 3, 8, 9, 4] f(x) = 0.07080214174133617
Best solution in generation 32 is: x = [9, 10, 9, 11, 10, 3, 8, 9, 10, 4, 3, 5, 1, 5, 9, 3, 10, 6, 4, 4, 5, 10, 10, 7, 11, 6, 9, 7, 7, 6, 6, 9, 11, 10, 10, 3, 5, 10, 9, 6, 11, 9, 4, 1, 3, 2, 10, 8, 1, 10, 5, 3, 3, 10, 3, 6, 8, 1, 6, 9, 3, 4, 11, 7, 4, 2, 7, 10, 7, 2, 7, 10, 11, 10, 3, 1, 9, 10, 7, 2, 3, 3, 6, 1, 3, 2, 3, 11, 4, 4, 5, 4, 11, 3, 2, 7, 8, 3, 3, 9, 8, 5, 3, 9, 11, 11, 3, 3, 9, 4, 10, 3, 8, 9, 4] f(x) = 0.07080214174133617
Best solution in generation 33 is: x = [9, 10, 9, 11, 10, 3, 8, 9, 10, 4, 3, 5, 1, 1, 9, 3, 10, 6, 4, 4, 5, 10, 10, 7, 2, 6, 9, 7, 7, 6, 6, 9, 11, 10, 10, 3, 5, 10, 9, 6, 11, 9, 4, 1, 3, 2, 10, 8, 1, 10, 5, 3, 11, 10, 3, 6, 8, 1, 6, 9, 3, 4, 11, 7, 4, 2, 7, 10, 7, 2, 7, 9, 11, 10, 3, 1, 9, 10, 7, 2, 3, 3, 6, 1, 3, 2, 3, 11, 4, 4, 5, 4, 11, 3, 2, 7, 8, 3, 3, 9, 8, 5, 3, 9, 11, 11, 6, 3, 9, 4, 10, 3, 8, 9, 4] f(x) = 0.07302425160138314
Best solution in generation 34 is: x = [9, 10, 9, 11, 10, 3, 8, 9, 10, 4, 3, 5, 1, 5, 9, 3, 9, 6, 4, 4, 5, 10, 10, 7, 11, 6, 9, 7, 7, 6, 6, 9, 11, 10, 10, 3, 5, 10, 9, 6, 11, 9, 4, 1, 3, 2, 10, 8, 1, 10, 5, 3, 3, 10, 3, 6, 8, 1, 6, 9, 3, 4, 11, 7, 4, 2, 7, 10, 7, 2, 7, 10, 11, 10, 3, 1, 9, 10, 7, 2, 3, 3, 6, 1, 3, 2, 3, 11, 4, 4, 5, 4, 11, 3, 6, 2, 8, 3, 3, 9, 8, 5, 3, 9, 11, 11, 3, 3, 9, 4, 10, 3, 8, 9, 4] f(x) = 0.07355782408873579
Best solution in generation 35 is: x = [9, 10, 9, 11, 10, 3, 8, 9, 10, 4, 3, 5, 1, 1, 9, 3, 10, 6, 4, 4, 5, 10, 10, 7, 2, 6, 9, 7, 7, 6, 6, 9, 11, 10, 10, 3, 5, 10, 9, 6, 11, 9, 4, 9, 3, 2, 10, 8, 1, 10, 5, 3, 11, 10, 3, 6, 8, 1, 6, 9, 3, 4, 11, 7, 4, 2, 7, 10, 7, 2, 7, 9, 11, 10, 3, 1, 9, 10, 7, 2, 3, 3, 6, 1, 3, 2, 3, 11, 4, 4, 5, 4, 11, 3, 2, 7, 8, 3, 3, 9, 8, 5, 3, 9, 11, 11, 6, 3, 9, 4, 10, 3, 8, 9, 4] f(x) = 0.07525833690378968
Best solution in generation 36 is: x = [9, 10, 9, 11, 10, 3, 8, 9, 10, 4, 3, 5, 1, 1, 9, 3, 10, 6, 4, 4, 5, 10, 10, 7, 2, 6, 9, 7, 7, 6, 6, 9, 11, 10, 10, 3, 5, 10, 9, 6, 11, 9, 4, 9, 3, 2, 10, 8, 1, 10, 5, 3, 11, 10, 3, 6, 8, 1, 6, 9, 3, 4, 11, 7, 4, 2, 7, 10, 7, 2, 7, 9, 11, 10, 3, 1, 9, 10, 7, 2, 3, 3, 6, 1, 3, 2, 3, 11, 4, 4, 5, 4, 11, 3, 2, 7, 8, 3, 3, 9, 8, 5, 3, 9, 11, 11, 6, 3, 9, 4, 10, 3, 8, 9, 4] f(x) = 0.07525833690378968
Best solution in generation 37 is: x = [9, 10, 9, 11, 10, 3, 8, 9, 10, 4, 3, 5, 1, 1, 9, 3, 10, 6, 4, 4, 5, 10, 10, 7, 2, 6, 9, 7, 7, 6, 6, 9, 11, 10, 9, 3, 5, 10, 9, 6, 11, 9, 4, 1, 3, 2, 10, 8, 1, 10, 5, 3, 11, 10, 3, 8, 8, 1, 6, 9, 3, 4, 11, 7, 4, 2, 7, 10, 7, 2, 7, 9, 11, 10, 3, 1, 9, 10, 7, 2, 3, 3, 6, 1, 3, 2, 3, 11, 4, 4, 5, 4, 11, 3, 2, 7, 8, 3, 3, 9, 8, 5, 3, 9, 11, 11, 6, 3, 9, 4, 10, 3, 8, 9, 4] f(x) = 0.07586509265000611
Best solution in generation 38 is: x = [9, 10, 9, 11, 10, 3, 8, 9, 10, 4, 3, 5, 1, 1, 9, 3, 10, 6, 4, 4, 5, 10, 10, 7, 2, 6, 9, 7, 7, 6, 6, 9, 11, 10, 9, 3, 5, 10, 9, 6, 11, 9, 4, 1, 3, 2, 10, 8, 1, 10, 5, 3, 11, 10, 3, 8, 8, 1, 6, 9, 3, 4, 11, 7, 4, 2, 7, 10, 7, 2, 7, 9, 11, 10, 3, 1, 9, 10, 7, 2, 3, 3, 6, 1, 3, 2, 3, 11, 4, 4, 5, 4, 11, 3, 2, 7, 8, 3, 3, 9, 8, 5, 3, 9, 11, 11, 6, 3, 9, 4, 10, 3, 8, 9, 4] f(x) = 0.07586509265000611
Best solution in generation 39 is: x = [9, 10, 9, 11, 10, 3, 8, 9, 10, 4, 3, 5, 1, 1, 9, 3, 10, 6, 4, 4, 5, 10, 10, 7, 2, 6, 9, 7, 7, 6, 6, 9, 11, 10, 9, 3, 5, 10, 9, 6, 11, 9, 4, 1, 3, 2, 10, 8, 1, 10, 5, 3, 11, 10, 3, 8, 8, 1, 6, 9, 3, 4, 11, 7, 4, 2, 7, 10, 7, 2, 7, 9, 11, 10, 3, 1, 9, 10, 7, 2, 3, 3, 6, 1, 3, 2, 3, 11, 4, 4, 5, 4, 11, 3, 2, 7, 8, 3, 3, 9, 8, 5, 3, 9, 11, 11, 6, 3, 9, 4, 10, 3, 8, 9, 4] f(x) = 0.07586509265000611
Best solution in generation 40 is: x = [9, 10, 11, 11, 11, 3, 8, 7, 1, 4, 3, 5, 6, 2, 9, 7, 10, 6, 4, 2, 5, 6, 1, 7, 10, 6, 9, 2, 7, 6, 6, 9, 11, 10, 10, 2, 1, 10, 9, 6, 11, 9, 4, 1, 3, 2, 10, 8, 1, 10, 7, 11, 11, 10, 3, 6, 2, 1, 9, 9, 2, 4, 11, 7, 1, 2, 7, 10, 7, 7, 7, 9, 3, 10, 7, 5, 9, 10, 7, 2, 3, 3, 6, 1, 3, 2, 3, 11, 4, 4, 5, 4, 11, 3, 2, 7, 2, 3, 3, 9, 8, 5, 3, 9, 11, 11, 2, 3, 9, 4, 10, 7, 8, 11, 4] f(x) = 0.07651575835154087
Best solution in generation 41 is: x = [9, 10, 9, 11, 10, 3, 8, 9, 10, 2, 3, 5, 1, 1, 9, 3, 10, 6, 4, 4, 5, 10, 10, 7, 11, 11, 9, 7, 7, 6, 6, 9, 6, 10, 10, 3, 5, 10, 9, 6, 11, 9, 4, 1, 3, 2, 10, 8, 1, 10, 2, 3, 11, 10, 3, 6, 8, 1, 6, 9, 3, 4, 11, 7, 4, 2, 7, 10, 7, 2, 7, 9, 11, 10, 3, 1, 9, 10, 7, 2, 3, 3, 6, 1, 3, 2, 3, 11, 4, 4, 5, 4, 11, 3, 2, 7, 8, 3, 3, 9, 8, 5, 3, 10, 11, 2, 6, 3, 9, 10, 10, 3, 8, 9, 4] f(x) = 0.07762282146744455
Best solution in generation 42 is: x = [9, 10, 9, 11, 10, 3, 8, 9, 10, 4, 3, 5, 5, 1, 9, 3, 10, 6, 4, 4, 5, 10, 10, 7, 2, 6, 9, 7, 7, 6, 6, 9, 11, 10, 9, 3, 5, 10, 9, 6, 11, 9, 4, 1, 3, 2, 10, 8, 1, 10, 5, 3, 11, 10, 3, 6, 8, 1, 6, 9, 3, 4, 11, 7, 4, 2, 7, 10, 7, 2, 7, 9, 11, 10, 3, 1, 9, 10, 7, 2, 3, 3, 6, 1, 3, 2, 3, 11, 4, 4, 5, 4, 11, 6, 2, 7, 8, 3, 3, 9, 8, 5, 3, 9, 8, 11, 6, 3, 9, 4, 10, 3, 8, 9, 10] f(x) = 0.07839191098786796
Best solution in generation 43 is: x = [9, 10, 9, 11, 10, 3, 8, 9, 10, 2, 3, 5, 1, 1, 9, 3, 10, 6, 4, 4, 5, 10, 10, 7, 11, 11, 9, 7, 7, 6, 6, 9, 6, 10, 10, 3, 5, 10, 9, 6, 7, 9, 4, 1, 3, 2, 10, 8, 1, 10, 2, 3, 11, 10, 3, 6, 8, 1, 6, 9, 3, 4, 11, 7, 4, 2, 7, 10, 7, 2, 7, 9, 11, 10, 3, 1, 9, 10, 7, 2, 3, 3, 6, 10, 3, 2, 3, 11, 4, 4, 5, 3, 11, 3, 2, 7, 8, 3, 3, 9, 8, 5, 3, 10, 11, 2, 6, 3, 9, 10, 10, 7, 8, 11, 4] f(x) = 0.08369836255784842
Best solution in generation 44 is: x = [9, 10, 9, 11, 10, 3, 8, 9, 10, 2, 3, 5, 1, 1, 9, 3, 10, 6, 4, 4, 5, 10, 10, 7, 11, 11, 9, 7, 7, 6, 6, 9, 6, 10, 10, 3, 5, 10, 9, 6, 7, 9, 4, 1, 3, 2, 10, 8, 1, 10, 2, 3, 11, 10, 3, 6, 8, 1, 6, 9, 3, 4, 11, 7, 4, 2, 7, 10, 7, 2, 7, 9, 11, 10, 3, 1, 9, 10, 7, 2, 3, 3, 6, 10, 3, 2, 3, 11, 4, 4, 5, 3, 11, 3, 2, 7, 8, 3, 3, 9, 8, 5, 3, 10, 11, 2, 6, 3, 9, 10, 10, 7, 8, 11, 4] f(x) = 0.08369836255784842
Best solution in generation 45 is: x = [9, 10, 9, 11, 10, 3, 8, 5, 10, 2, 3, 5, 1, 1, 9, 3, 10, 6, 4, 4, 5, 10, 10, 7, 11, 11, 9, 7, 7, 6, 6, 9, 6, 10, 10, 3, 5, 10, 9, 6, 7, 9, 4, 1, 3, 2, 10, 8, 1, 10, 2, 3, 11, 10, 3, 6, 8, 1, 6, 9, 3, 4, 11, 7, 4, 2, 7, 10, 7, 2, 7, 9, 11, 10, 3, 1, 5, 10, 7, 2, 3, 3, 6, 10, 3, 2, 3, 11, 4, 4, 5, 3, 11, 3, 2, 7, 8, 3, 3, 9, 8, 5, 3, 10, 11, 2, 6, 3, 9, 10, 10, 7, 8, 11, 4] f(x) = 0.08373961130375347
Best solution in generation 46 is: x = [9, 10, 9, 11, 5, 3, 8, 9, 10, 2, 3, 5, 1, 1, 9, 3, 1, 6, 4, 4, 5, 10, 10, 7, 11, 11, 9, 7, 7, 6, 9, 9, 6, 10, 10, 3, 5, 10, 9, 6, 7, 9, 4, 1, 3, 2, 10, 8, 1, 10, 2, 3, 11, 10, 3, 6, 8, 1, 6, 9, 3, 4, 11, 7, 4, 2, 7, 10, 7, 2, 7, 9, 11, 10, 3, 1, 9, 10, 7, 2, 3, 3, 6, 10, 3, 2, 3, 11, 4, 4, 5, 3, 11, 3, 2, 7, 8, 3, 3, 9, 8, 5, 3, 10, 11, 2, 6, 3, 9, 10, 10, 7, 8, 9, 10] f(x) = 0.08679467971014142
Best solution in generation 47 is: x = [9, 10, 9, 11, 5, 3, 8, 9, 10, 2, 3, 5, 1, 1, 9, 3, 1, 6, 4, 4, 5, 10, 10, 7, 11, 11, 9, 7, 7, 6, 9, 9, 6, 10, 10, 3, 5, 10, 9, 6, 7, 9, 4, 1, 3, 2, 10, 8, 1, 10, 2, 3, 11, 10, 3, 6, 8, 1, 6, 9, 3, 4, 11, 7, 4, 2, 7, 10, 7, 2, 7, 9, 11, 10, 3, 1, 9, 10, 7, 2, 3, 3, 6, 10, 3, 2, 3, 11, 4, 4, 5, 3, 11, 3, 2, 7, 8, 3, 3, 9, 8, 5, 3, 10, 11, 2, 6, 3, 9, 10, 10, 7, 8, 9, 10] f(x) = 0.08679467971014142
Best solution in generation 48 is: x = [9, 10, 9, 11, 5, 3, 8, 9, 10, 2, 3, 5, 1, 1, 9, 3, 1, 6, 4, 4, 5, 10, 10, 7, 11, 11, 9, 7, 7, 6, 9, 9, 6, 10, 10, 3, 5, 10, 9, 6, 7, 9, 4, 1, 3, 2, 10, 8, 1, 10, 2, 3, 11, 10, 3, 6, 8, 1, 6, 9, 3, 4, 11, 7, 4, 2, 7, 10, 7, 2, 7, 9, 11, 10, 3, 1, 9, 10, 7, 2, 3, 3, 6, 10, 3, 2, 3, 11, 4, 4, 5, 3, 11, 3, 2, 7, 8, 3, 3, 9, 8, 5, 3, 10, 11, 2, 6, 3, 9, 10, 10, 7, 8, 9, 10] f(x) = 0.08679467971014142
Best solution in generation 49 is: x = [9, 10, 9, 11, 5, 3, 8, 9, 10, 2, 3, 5, 1, 1, 9, 3, 1, 6, 4, 4, 5, 10, 10, 7, 11, 11, 9, 7, 7, 6, 9, 9, 6, 10, 10, 3, 5, 10, 9, 6, 7, 9, 4, 1, 3, 2, 10, 8, 1, 10, 2, 3, 11, 10, 3, 6, 8, 1, 6, 9, 3, 4, 11, 7, 4, 2, 7, 10, 7, 2, 7, 9, 11, 10, 3, 1, 9, 10, 7, 2, 3, 3, 6, 10, 3, 2, 3, 11, 4, 4, 5, 3, 11, 3, 2, 7, 8, 3, 3, 9, 8, 5, 3, 10, 11, 2, 6, 3, 9, 10, 10, 7, 8, 9, 10] f(x) = 0.08679467971014142
Best repres&fitness: [9, 10, 9, 11, 5, 3, 8, 9, 10, 2, 3, 5, 1, 1, 9, 3, 1, 6, 4, 4, 5, 10, 10, 7, 11, 11, 9, 7, 7, 6, 9, 9, 6, 10, 10, 3, 5, 10, 9, 6, 7, 9, 4, 1, 3, 2, 10, 8, 1, 10, 2, 3, 11, 10, 3, 6, 8, 1, 6, 9, 3, 4, 11, 7, 4, 2, 7, 10, 7, 2, 7, 9, 11, 10, 3, 1, 9, 10, 7, 2, 3, 3, 6, 10, 3, 2, 3, 11, 4, 4, 5, 3, 11, 3, 2, 7, 8, 3, 3, 9, 8, 5, 3, 10, 11, 2, 6, 3, 9, 10, 10, 7, 8, 9, 10] 0.08679467971014142
Nr. de comunitati: 11