Best solution in generation 0 is: x = [3, 6, 9, 6, 9, 10, 10, 6, 11, 9, 2, 2, 10, 10, 8, 10, 8, 8, 5, 3, 6, 5, 11, 5, 2, 2, 7, 9, 2, 6, 6, 2, 9, 6] f(x) = 0.06385601577909274
Best solution in generation 1 is: x = [3, 6, 9, 6, 9, 10, 10, 6, 11, 9, 9, 3, 4, 10, 8, 10, 8, 5, 3, 11, 6, 5, 11, 11, 2, 2, 7, 9, 2, 6, 6, 2, 9, 6] f(x) = 0.06689677843524001
Best solution in generation 2 is: x = [3, 6, 9, 6, 4, 8, 10, 6, 11, 9, 2, 2, 11, 3, 5, 10, 8, 8, 5, 3, 6, 5, 11, 5, 2, 2, 2, 9, 2, 6, 6, 2, 9, 2] f(x) = 0.06944444444444446
Best solution in generation 3 is: x = [3, 6, 9, 6, 9, 10, 10, 6, 11, 9, 2, 2, 11, 3, 9, 10, 8, 8, 5, 3, 5, 4, 5, 5, 11, 11, 6, 9, 2, 6, 6, 2, 5, 2] f(x) = 0.0720742932281394
Best solution in generation 4 is: x = [3, 6, 9, 6, 9, 10, 10, 6, 11, 9, 2, 2, 11, 3, 9, 10, 8, 8, 5, 3, 5, 4, 5, 5, 11, 11, 6, 9, 2, 6, 6, 2, 5, 2] f(x) = 0.0720742932281394
Best solution in generation 5 is: x = [3, 6, 9, 6, 9, 10, 10, 6, 11, 9, 2, 2, 11, 3, 9, 10, 8, 8, 5, 3, 5, 4, 5, 5, 11, 11, 6, 9, 2, 6, 6, 2, 5, 2] f(x) = 0.0720742932281394
Best solution in generation 6 is: x = [3, 6, 9, 6, 9, 10, 10, 6, 11, 9, 2, 2, 3, 2, 5, 10, 8, 8, 5, 3, 5, 4, 5, 7, 11, 11, 6, 9, 2, 6, 6, 2, 5, 2] f(x) = 0.08325115055884288
Best solution in generation 7 is: x = [3, 8, 9, 6, 10, 10, 10, 6, 11, 9, 2, 1, 3, 2, 5, 10, 8, 8, 5, 3, 5, 4, 5, 5, 11, 11, 6, 9, 2, 6, 6, 2, 5, 2] f(x) = 0.08612754766600919
Best solution in generation 8 is: x = [3, 8, 9, 6, 10, 10, 10, 6, 11, 9, 2, 1, 3, 2, 5, 10, 8, 8, 5, 3, 5, 4, 5, 5, 11, 11, 6, 9, 2, 6, 6, 2, 5, 2] f(x) = 0.08612754766600919
Best solution in generation 9 is: x = [3, 6, 9, 6, 10, 11, 10, 6, 11, 9, 11, 1, 3, 2, 5, 10, 8, 8, 5, 3, 5, 1, 5, 5, 11, 11, 6, 9, 2, 6, 6, 2, 5, 2] f(x) = 0.0925378040762656
Best solution in generation 10 is: x = [3, 8, 9, 6, 10, 10, 10, 6, 11, 9, 4, 1, 3, 2, 5, 10, 8, 8, 5, 3, 5, 4, 5, 5, 11, 11, 6, 9, 2, 5, 5, 2, 5, 2] f(x) = 0.09598948060486522
Best solution in generation 11 is: x = [3, 6, 9, 6, 10, 10, 10, 6, 11, 9, 2, 1, 3, 6, 5, 10, 8, 8, 5, 3, 5, 4, 5, 5, 11, 2, 5, 9, 2, 5, 6, 2, 5, 2] f(x) = 0.1113576594345824
Best solution in generation 12 is: x = [3, 6, 9, 6, 10, 10, 10, 6, 11, 9, 2, 1, 3, 6, 5, 10, 8, 8, 5, 3, 5, 4, 5, 5, 11, 2, 5, 9, 2, 5, 6, 2, 5, 2] f(x) = 0.1113576594345824
Best solution in generation 13 is: x = [3, 6, 9, 6, 10, 10, 10, 6, 11, 9, 2, 1, 3, 6, 5, 10, 8, 8, 5, 3, 5, 4, 5, 5, 11, 2, 5, 9, 2, 5, 6, 2, 5, 2] f(x) = 0.1113576594345824
Best solution in generation 14 is: x = [3, 6, 9, 6, 10, 10, 10, 6, 11, 9, 2, 1, 3, 6, 5, 10, 8, 8, 5, 3, 5, 4, 5, 5, 11, 2, 5, 9, 2, 5, 6, 2, 5, 2] f(x) = 0.1113576594345824
Best solution in generation 15 is: x = [3, 6, 9, 6, 10, 10, 10, 6, 11, 9, 2, 1, 3, 6, 5, 10, 8, 8, 5, 3, 5, 4, 5, 5, 11, 2, 5, 9, 2, 5, 6, 2, 5, 2] f(x) = 0.1113576594345824
Best solution in generation 16 is: x = [3, 6, 9, 6, 10, 10, 10, 6, 11, 9, 2, 1, 3, 6, 7, 10, 10, 10, 5, 3, 5, 8, 5, 5, 11, 2, 5, 9, 2, 5, 6, 2, 5, 2] f(x) = 0.12039776462853376
Best solution in generation 17 is: x = [3, 6, 9, 6, 10, 10, 10, 6, 11, 9, 2, 1, 3, 6, 7, 10, 10, 10, 5, 3, 5, 8, 5, 5, 11, 2, 5, 9, 2, 5, 6, 2, 5, 2] f(x) = 0.12039776462853376
Best solution in generation 18 is: x = [3, 6, 9, 6, 10, 10, 10, 6, 6, 9, 11, 1, 3, 6, 5, 2, 8, 8, 5, 3, 5, 4, 5, 5, 11, 2, 5, 9, 2, 5, 6, 2, 5, 2] f(x) = 0.12163050624589072
Best solution in generation 19 is: x = [3, 6, 9, 6, 10, 10, 10, 6, 6, 9, 11, 1, 3, 6, 5, 2, 8, 8, 5, 3, 5, 4, 5, 5, 11, 2, 5, 2, 2, 5, 6, 2, 5, 2] f(x) = 0.12179487179487171
Best solution in generation 20 is: x = [3, 6, 9, 6, 10, 10, 10, 6, 11, 9, 2, 1, 3, 6, 5, 10, 10, 3, 1, 3, 5, 4, 5, 5, 11, 2, 4, 9, 2, 5, 11, 2, 5, 2] f(x) = 0.12368507560815242
Best solution in generation 21 is: x = [3, 6, 9, 6, 10, 10, 10, 6, 11, 9, 2, 1, 3, 6, 5, 10, 10, 3, 1, 3, 5, 4, 5, 5, 11, 2, 4, 9, 2, 5, 11, 2, 5, 2] f(x) = 0.12368507560815242
Best solution in generation 22 is: x = [3, 6, 9, 6, 10, 10, 10, 6, 11, 9, 2, 1, 3, 6, 5, 10, 10, 3, 1, 3, 5, 4, 5, 5, 11, 2, 4, 9, 2, 5, 11, 2, 5, 2] f(x) = 0.12368507560815242
Best solution in generation 23 is: x = [3, 6, 9, 6, 10, 10, 10, 6, 11, 9, 3, 3, 3, 6, 5, 10, 10, 3, 1, 3, 10, 4, 5, 5, 11, 9, 4, 9, 2, 5, 11, 2, 5, 2] f(x) = 0.12384944115713338
Best solution in generation 24 is: x = [3, 6, 9, 6, 10, 10, 10, 6, 11, 9, 2, 3, 3, 6, 5, 2, 8, 10, 4, 3, 8, 4, 2, 5, 2, 2, 5, 9, 2, 5, 5, 2, 5, 2] f(x) = 0.12861604207758043
Best solution in generation 25 is: x = [3, 6, 9, 6, 10, 10, 10, 6, 6, 9, 11, 3, 3, 6, 5, 2, 8, 10, 5, 3, 5, 4, 5, 2, 11, 2, 5, 2, 2, 5, 6, 2, 5, 2] f(x) = 0.13666995397764609
Best solution in generation 26 is: x = [3, 6, 6, 6, 10, 10, 10, 6, 6, 9, 11, 3, 3, 6, 8, 10, 8, 8, 4, 2, 5, 6, 5, 2, 11, 2, 5, 2, 2, 5, 6, 2, 5, 2] f(x) = 0.14349112426035482
Best solution in generation 27 is: x = [3, 6, 6, 6, 10, 10, 10, 6, 6, 9, 11, 3, 3, 6, 8, 10, 8, 8, 4, 2, 5, 6, 5, 2, 11, 2, 5, 2, 2, 5, 6, 2, 5, 2] f(x) = 0.14349112426035482
Best solution in generation 28 is: x = [3, 6, 6, 6, 10, 10, 10, 6, 6, 9, 11, 3, 3, 6, 10, 10, 8, 8, 5, 3, 5, 6, 5, 2, 11, 2, 5, 2, 2, 5, 6, 2, 5, 2] f(x) = 0.146696252465483
Best solution in generation 29 is: x = [3, 6, 6, 6, 3, 10, 10, 6, 6, 9, 11, 3, 3, 6, 10, 10, 8, 3, 5, 3, 5, 6, 5, 2, 11, 2, 5, 2, 2, 5, 6, 2, 5, 2] f(x) = 0.15162721893491105
Best solution in generation 30 is: x = [3, 6, 6, 6, 10, 10, 10, 6, 6, 9, 11, 3, 3, 6, 5, 7, 8, 8, 5, 3, 5, 6, 5, 2, 11, 2, 5, 2, 2, 5, 6, 2, 5, 2] f(x) = 0.15359960552268223
Best solution in generation 31 is: x = [3, 6, 6, 6, 3, 10, 10, 6, 6, 8, 11, 3, 3, 6, 10, 10, 8, 3, 5, 3, 5, 6, 5, 5, 2, 2, 5, 2, 2, 5, 6, 2, 5, 2] f(x) = 0.1609138724523338
Best solution in generation 32 is: x = [10, 6, 9, 6, 10, 10, 10, 6, 2, 9, 11, 3, 5, 11, 5, 2, 10, 8, 5, 4, 5, 6, 5, 2, 2, 2, 5, 2, 2, 5, 5, 2, 5, 5] f(x) = 0.16559829059829037
Best solution in generation 33 is: x = [3, 6, 9, 6, 10, 10, 10, 9, 6, 5, 11, 3, 3, 6, 5, 10, 10, 8, 5, 1, 5, 6, 5, 2, 2, 2, 5, 2, 2, 5, 5, 2, 5, 5] f(x) = 0.17430966469427986
Best solution in generation 34 is: x = [3, 6, 9, 6, 10, 10, 10, 9, 6, 5, 11, 3, 3, 6, 5, 10, 10, 8, 5, 1, 5, 6, 5, 2, 2, 2, 5, 2, 2, 5, 5, 2, 5, 5] f(x) = 0.17430966469427986
Best solution in generation 35 is: x = [3, 6, 9, 6, 10, 10, 10, 9, 6, 5, 11, 3, 3, 6, 5, 10, 10, 8, 5, 1, 5, 6, 5, 2, 2, 2, 5, 2, 2, 5, 5, 2, 5, 5] f(x) = 0.17430966469427986
Best solution in generation 36 is: x = [3, 6, 9, 6, 10, 10, 10, 9, 6, 5, 11, 3, 3, 6, 5, 10, 10, 8, 5, 1, 5, 6, 5, 2, 2, 2, 5, 2, 2, 5, 5, 2, 5, 5] f(x) = 0.17430966469427986
Best solution in generation 37 is: x = [3, 6, 9, 6, 10, 10, 10, 9, 6, 5, 11, 3, 3, 6, 5, 10, 10, 8, 5, 1, 5, 6, 5, 2, 2, 2, 5, 2, 2, 5, 5, 2, 5, 5] f(x) = 0.17430966469427986
Best solution in generation 38 is: x = [3, 6, 9, 6, 10, 10, 10, 6, 7, 5, 11, 3, 3, 6, 5, 10, 10, 8, 5, 1, 5, 6, 5, 2, 2, 2, 5, 2, 2, 5, 5, 2, 5, 5] f(x) = 0.18367850098619312
Best solution in generation 39 is: x = [3, 6, 9, 6, 10, 10, 10, 6, 7, 5, 11, 3, 3, 6, 5, 10, 10, 8, 5, 1, 5, 6, 5, 2, 2, 2, 5, 2, 2, 5, 5, 2, 5, 5] f(x) = 0.18367850098619312
Best solution in generation 40 is: x = [3, 6, 9, 6, 10, 10, 10, 6, 7, 5, 11, 3, 3, 6, 5, 10, 10, 8, 5, 1, 5, 6, 5, 2, 2, 2, 5, 2, 2, 5, 5, 2, 5, 5] f(x) = 0.18367850098619312
Best solution in generation 41 is: x = [3, 6, 9, 6, 10, 10, 10, 6, 7, 5, 11, 3, 3, 6, 5, 10, 10, 8, 5, 1, 5, 6, 5, 2, 2, 2, 5, 2, 2, 5, 5, 2, 5, 5] f(x) = 0.18367850098619312
Best solution in generation 42 is: x = [3, 6, 9, 6, 10, 10, 10, 6, 7, 5, 11, 3, 3, 6, 5, 10, 10, 10, 5, 5, 5, 6, 5, 2, 2, 2, 5, 2, 2, 5, 5, 2, 5, 5] f(x) = 0.18877383300460196
Best solution in generation 43 is: x = [3, 6, 9, 6, 10, 10, 10, 6, 7, 5, 11, 3, 3, 6, 5, 10, 10, 10, 5, 5, 5, 6, 5, 2, 2, 2, 5, 2, 2, 5, 5, 2, 5, 5] f(x) = 0.18877383300460196
Best solution in generation 44 is: x = [3, 6, 9, 6, 10, 10, 10, 6, 7, 5, 11, 3, 3, 6, 5, 10, 10, 10, 5, 5, 5, 6, 5, 2, 2, 2, 5, 2, 2, 5, 5, 2, 5, 5] f(x) = 0.18877383300460196
Best solution in generation 45 is: x = [3, 6, 9, 6, 10, 10, 10, 6, 7, 5, 11, 3, 3, 6, 5, 10, 10, 10, 5, 5, 5, 6, 5, 2, 2, 2, 5, 2, 2, 5, 5, 2, 5, 5] f(x) = 0.18877383300460196
Best solution in generation 46 is: x = [3, 6, 9, 6, 10, 10, 10, 6, 7, 5, 11, 3, 3, 6, 5, 10, 10, 10, 5, 5, 5, 6, 5, 2, 2, 2, 5, 2, 2, 5, 5, 2, 5, 5] f(x) = 0.18877383300460196
Best solution in generation 47 is: x = [6, 6, 6, 6, 10, 10, 10, 6, 7, 5, 11, 3, 3, 6, 5, 10, 10, 10, 5, 5, 5, 6, 5, 2, 2, 2, 5, 2, 10, 5, 5, 2, 5, 5] f(x) = 0.20011505588428638
Best solution in generation 48 is: x = [6, 6, 6, 6, 10, 10, 10, 6, 7, 5, 11, 3, 3, 6, 5, 10, 10, 10, 5, 5, 5, 6, 5, 2, 2, 2, 5, 2, 10, 5, 5, 2, 5, 5] f(x) = 0.20011505588428638
Best solution in generation 49 is: x = [6, 6, 6, 6, 10, 10, 10, 6, 7, 5, 11, 3, 3, 6, 5, 10, 10, 10, 5, 5, 5, 6, 5, 2, 2, 2, 5, 2, 10, 5, 5, 2, 5, 5] f(x) = 0.20011505588428638
Best repres&fitness: [6, 6, 6, 6, 10, 10, 10, 6, 7, 5, 11, 3, 3, 6, 5, 10, 10, 10, 5, 5, 5, 6, 5, 2, 2, 2, 5, 2, 10, 5, 5, 2, 5, 5] 0.20011505588428638
Nr. de comunitati: 7