Best solution in generation 0 is: x = [9, 10, 5, 1, 2, 10, 10, 8, 5, 9, 4, 11, 2, 7, 5, 8, 5, 7, 4, 4, 7, 11, 2, 3, 1, 11, 5, 2, 4, 7, 3, 6, 6, 3, 5, 10, 2, 1, 4, 6, 2, 5, 1, 4, 7, 6, 2, 11, 1, 1, 3, 9, 5, 3, 3, 4, 8, 4, 7, 9, 8, 11, 1, 9, 9, 3, 9, 1, 6, 2, 11, 5, 1, 6, 1, 3, 1, 3, 6, 3, 7, 5, 1, 4, 3, 1, 10, 3, 7, 8, 10, 3, 8, 2, 8, 7, 6, 9, 1, 11, 6, 3, 5, 7, 7] f(x) = 0.03828266000277679
Best solution in generation 1 is: x = [9, 10, 5, 4, 2, 10, 10, 8, 5, 9, 4, 11, 2, 7, 5, 8, 5, 7, 4, 4, 7, 11, 2, 3, 1, 11, 5, 2, 4, 7, 3, 6, 6, 3, 5, 10, 2, 1, 4, 6, 2, 5, 1, 4, 7, 6, 2, 1, 3, 2, 3, 9, 5, 3, 3, 4, 8, 4, 7, 9, 8, 11, 1, 9, 9, 3, 9, 1, 6, 2, 11, 5, 1, 6, 1, 3, 1, 3, 6, 3, 7, 5, 1, 4, 3, 1, 10, 3, 7, 8, 10, 3, 8, 2, 8, 7, 6, 9, 1, 11, 6, 3, 5, 7, 7] f(x) = 0.04106185180043316
Best solution in generation 2 is: x = [9, 10, 5, 1, 2, 10, 10, 8, 5, 9, 4, 11, 2, 7, 5, 8, 5, 7, 4, 4, 7, 11, 2, 3, 1, 11, 5, 2, 4, 7, 3, 6, 6, 3, 6, 10, 2, 1, 4, 6, 2, 5, 1, 4, 7, 6, 2, 11, 1, 1, 3, 9, 5, 3, 3, 4, 8, 4, 10, 7, 4, 11, 1, 9, 9, 3, 9, 9, 3, 2, 11, 5, 1, 6, 1, 3, 1, 3, 6, 3, 7, 5, 1, 4, 3, 1, 10, 3, 7, 8, 10, 3, 8, 2, 8, 7, 6, 9, 1, 11, 6, 3, 5, 7, 7] f(x) = 0.04216735825093476
Best solution in generation 3 is: x = [9, 10, 5, 1, 2, 10, 10, 8, 5, 9, 4, 11, 2, 7, 5, 8, 5, 7, 4, 4, 7, 11, 2, 3, 1, 11, 5, 2, 4, 7, 3, 6, 6, 3, 5, 10, 2, 1, 4, 6, 2, 5, 1, 4, 7, 8, 3, 3, 1, 1, 3, 9, 5, 3, 3, 4, 8, 4, 7, 9, 8, 11, 1, 9, 9, 3, 9, 1, 6, 2, 11, 5, 1, 6, 1, 3, 1, 3, 6, 3, 7, 5, 1, 4, 3, 1, 10, 3, 7, 8, 10, 3, 8, 2, 8, 7, 6, 9, 1, 9, 6, 3, 5, 7, 7] f(x) = 0.04374848956967541
Best solution in generation 4 is: x = [9, 10, 5, 4, 2, 10, 10, 8, 5, 9, 4, 11, 2, 7, 5, 4, 5, 7, 4, 4, 7, 11, 2, 3, 1, 11, 5, 2, 4, 7, 3, 6, 6, 3, 5, 10, 2, 1, 4, 6, 2, 5, 1, 4, 7, 6, 2, 1, 3, 2, 3, 9, 5, 3, 3, 4, 10, 4, 7, 9, 8, 11, 8, 8, 11, 8, 9, 1, 6, 2, 11, 5, 1, 6, 1, 3, 1, 3, 6, 3, 7, 5, 1, 4, 3, 1, 10, 3, 7, 8, 10, 3, 8, 2, 8, 7, 6, 9, 1, 11, 6, 3, 5, 7, 7] f(x) = 0.0465842421624737
Best solution in generation 5 is: x = [9, 10, 5, 4, 2, 10, 10, 8, 5, 9, 4, 11, 7, 7, 5, 8, 5, 7, 4, 4, 7, 11, 2, 3, 1, 11, 5, 2, 4, 7, 3, 6, 6, 3, 5, 10, 2, 1, 4, 1, 2, 2, 1, 4, 7, 6, 2, 1, 3, 2, 3, 9, 5, 3, 3, 4, 8, 4, 9, 9, 8, 11, 1, 9, 9, 3, 9, 1, 6, 2, 11, 5, 1, 6, 1, 3, 1, 3, 6, 3, 7, 5, 1, 4, 3, 1, 10, 3, 7, 8, 10, 3, 8, 2, 8, 7, 6, 9, 1, 11, 6, 3, 5, 7, 7] f(x) = 0.046841336685846134
Best solution in generation 6 is: x = [9, 10, 5, 4, 2, 10, 10, 8, 5, 9, 4, 11, 2, 7, 5, 4, 5, 7, 4, 4, 7, 11, 2, 3, 1, 11, 5, 2, 4, 7, 3, 6, 6, 3, 5, 10, 2, 1, 4, 6, 2, 5, 1, 4, 7, 6, 2, 1, 3, 2, 1, 9, 5, 3, 3, 4, 1, 4, 7, 9, 8, 11, 8, 8, 11, 8, 9, 1, 6, 2, 11, 5, 1, 6, 1, 3, 1, 3, 6, 3, 7, 5, 1, 4, 3, 1, 3, 3, 7, 8, 10, 3, 8, 2, 8, 7, 6, 9, 1, 11, 6, 3, 5, 7, 7] f(x) = 0.04952283256462094
Best solution in generation 7 is: x = [9, 10, 5, 4, 2, 10, 10, 8, 5, 9, 4, 11, 2, 7, 5, 4, 5, 7, 4, 4, 7, 11, 2, 3, 1, 11, 5, 2, 4, 7, 3, 6, 6, 3, 5, 10, 2, 1, 4, 6, 2, 5, 1, 4, 7, 6, 2, 1, 3, 2, 1, 9, 5, 3, 3, 4, 1, 4, 7, 9, 8, 11, 8, 8, 11, 8, 9, 1, 6, 2, 11, 5, 1, 6, 1, 3, 1, 3, 6, 3, 7, 5, 1, 4, 3, 1, 3, 3, 7, 8, 10, 3, 8, 2, 8, 7, 6, 9, 1, 11, 6, 3, 5, 7, 7] f(x) = 0.04952283256462094
Best solution in generation 8 is: x = [9, 10, 5, 4, 2, 10, 10, 8, 5, 9, 4, 11, 2, 7, 5, 8, 5, 7, 4, 4, 7, 11, 2, 3, 1, 11, 5, 2, 4, 7, 3, 6, 6, 3, 5, 10, 2, 1, 4, 1, 2, 2, 1, 4, 7, 6, 2, 2, 3, 2, 1, 9, 5, 3, 3, 4, 4, 4, 9, 9, 8, 11, 1, 9, 9, 3, 9, 1, 6, 2, 11, 5, 1, 6, 1, 3, 1, 3, 6, 3, 7, 5, 1, 4, 3, 1, 10, 3, 7, 8, 10, 3, 8, 2, 8, 7, 6, 9, 2, 8, 4, 3, 5, 7, 7] f(x) = 0.05282906813519087
Best solution in generation 9 is: x = [9, 10, 5, 4, 2, 10, 10, 8, 5, 9, 4, 11, 2, 7, 5, 8, 5, 7, 4, 4, 7, 11, 2, 3, 1, 11, 5, 2, 4, 7, 3, 6, 6, 3, 5, 10, 2, 1, 4, 1, 2, 2, 1, 4, 7, 6, 2, 2, 3, 2, 1, 9, 5, 3, 3, 4, 4, 4, 9, 9, 8, 11, 1, 9, 9, 3, 9, 1, 6, 2, 11, 5, 1, 6, 1, 3, 1, 3, 6, 3, 7, 5, 1, 4, 3, 1, 10, 3, 7, 8, 10, 3, 8, 2, 8, 7, 6, 9, 2, 8, 4, 3, 5, 7, 7] f(x) = 0.05282906813519087
Best solution in generation 10 is: x = [9, 10, 5, 4, 2, 10, 10, 8, 5, 9, 4, 11, 2, 7, 5, 8, 5, 7, 4, 4, 7, 11, 2, 3, 1, 11, 5, 2, 4, 7, 3, 6, 6, 3, 5, 10, 2, 1, 4, 1, 2, 2, 1, 4, 7, 6, 2, 2, 3, 2, 1, 9, 5, 3, 3, 4, 4, 4, 9, 9, 8, 11, 1, 9, 9, 3, 9, 1, 6, 2, 11, 5, 1, 6, 1, 3, 1, 3, 6, 3, 7, 5, 1, 4, 3, 1, 10, 3, 7, 1, 10, 3, 8, 2, 8, 7, 6, 9, 2, 8, 4, 3, 5, 7, 7] f(x) = 0.053962854983263434
Best solution in generation 11 is: x = [9, 10, 7, 4, 2, 10, 10, 9, 5, 9, 4, 11, 2, 7, 5, 3, 5, 7, 4, 4, 7, 11, 2, 3, 1, 11, 5, 11, 4, 6, 3, 6, 6, 3, 5, 4, 2, 7, 4, 1, 2, 5, 1, 4, 7, 6, 2, 1, 1, 1, 3, 9, 7, 3, 3, 4, 4, 4, 7, 9, 8, 11, 1, 9, 9, 3, 9, 1, 6, 2, 9, 5, 1, 6, 1, 3, 1, 3, 6, 3, 7, 5, 1, 4, 3, 1, 3, 7, 1, 8, 10, 3, 8, 2, 8, 7, 6, 9, 1, 11, 6, 3, 5, 7, 7] f(x) = 0.05635897594109472
Best solution in generation 12 is: x = [9, 10, 5, 4, 2, 10, 10, 8, 5, 9, 4, 11, 2, 7, 5, 8, 5, 7, 4, 4, 7, 11, 2, 3, 1, 6, 5, 2, 4, 7, 3, 6, 6, 3, 5, 10, 2, 1, 4, 1, 2, 2, 1, 4, 7, 11, 2, 2, 3, 2, 1, 9, 5, 3, 3, 4, 4, 4, 9, 9, 8, 11, 1, 9, 9, 3, 9, 1, 6, 2, 11, 5, 1, 6, 1, 3, 1, 3, 6, 3, 7, 5, 1, 4, 3, 1, 3, 3, 7, 1, 10, 3, 8, 2, 8, 7, 6, 9, 2, 8, 4, 3, 5, 7, 7] f(x) = 0.05800952278114602
Best solution in generation 13 is: x = [9, 10, 5, 1, 2, 10, 10, 9, 5, 9, 4, 11, 2, 7, 5, 3, 5, 7, 4, 4, 7, 11, 10, 10, 1, 11, 5, 2, 4, 7, 3, 6, 6, 3, 5, 4, 2, 1, 4, 1, 2, 5, 1, 4, 7, 6, 2, 1, 1, 1, 3, 9, 7, 3, 3, 4, 4, 4, 7, 9, 8, 11, 1, 9, 9, 3, 9, 1, 6, 2, 9, 5, 1, 6, 1, 3, 3, 3, 6, 3, 7, 5, 1, 4, 3, 1, 3, 8, 1, 9, 10, 3, 8, 2, 8, 7, 6, 3, 1, 11, 6, 3, 5, 7, 7] f(x) = 0.05868568137761547
Best solution in generation 14 is: x = [9, 10, 5, 1, 2, 10, 10, 9, 5, 9, 4, 11, 2, 7, 5, 3, 5, 7, 4, 4, 7, 11, 10, 10, 1, 11, 5, 2, 4, 7, 3, 6, 6, 3, 5, 4, 2, 1, 4, 1, 2, 5, 1, 4, 7, 6, 2, 1, 1, 1, 3, 9, 7, 3, 3, 4, 4, 4, 7, 9, 8, 11, 1, 9, 9, 3, 9, 1, 6, 2, 9, 5, 1, 6, 1, 3, 3, 3, 6, 3, 7, 5, 1, 4, 3, 1, 3, 8, 1, 9, 10, 3, 8, 2, 8, 7, 6, 3, 1, 11, 6, 3, 5, 7, 7] f(x) = 0.05868568137761547
Best solution in generation 15 is: x = [9, 10, 5, 4, 2, 10, 10, 8, 5, 9, 4, 11, 2, 7, 5, 8, 5, 7, 4, 4, 7, 11, 2, 3, 1, 6, 5, 2, 4, 7, 3, 6, 6, 3, 5, 4, 2, 7, 4, 1, 2, 2, 1, 4, 7, 11, 2, 2, 3, 2, 1, 9, 5, 3, 3, 4, 4, 4, 9, 9, 8, 11, 1, 9, 9, 7, 9, 1, 6, 2, 8, 5, 1, 6, 1, 3, 1, 3, 6, 3, 7, 5, 1, 4, 3, 1, 3, 3, 7, 1, 10, 3, 8, 2, 8, 7, 6, 9, 2, 8, 4, 3, 5, 7, 7] f(x) = 0.06142373805153231
Best solution in generation 16 is: x = [9, 10, 5, 4, 2, 10, 10, 8, 5, 9, 4, 11, 2, 7, 5, 8, 5, 7, 4, 4, 7, 11, 2, 3, 1, 6, 5, 2, 4, 7, 3, 6, 6, 3, 5, 4, 2, 7, 4, 1, 2, 2, 1, 4, 7, 11, 2, 2, 3, 2, 1, 9, 5, 3, 3, 4, 4, 4, 9, 9, 8, 11, 1, 9, 9, 7, 9, 1, 6, 2, 8, 5, 1, 6, 1, 3, 1, 3, 6, 3, 7, 5, 1, 4, 3, 1, 3, 3, 7, 1, 10, 3, 8, 2, 8, 7, 6, 9, 2, 8, 4, 3, 5, 7, 7] f(x) = 0.06142373805153231
Best solution in generation 17 is: x = [9, 10, 5, 4, 2, 10, 10, 8, 5, 9, 4, 11, 2, 7, 5, 8, 5, 7, 4, 4, 7, 11, 2, 3, 1, 6, 5, 2, 4, 7, 3, 6, 6, 3, 5, 4, 2, 7, 4, 1, 2, 2, 1, 4, 7, 11, 2, 2, 3, 2, 1, 9, 5, 3, 3, 4, 4, 4, 9, 9, 8, 11, 1, 9, 9, 7, 9, 1, 6, 2, 8, 5, 1, 6, 1, 3, 1, 3, 6, 3, 7, 5, 1, 4, 3, 1, 3, 3, 7, 1, 10, 3, 8, 2, 8, 7, 6, 9, 2, 8, 4, 3, 5, 7, 7] f(x) = 0.06142373805153231
Best solution in generation 18 is: x = [9, 10, 5, 1, 2, 10, 10, 9, 5, 6, 4, 11, 2, 7, 5, 3, 5, 7, 4, 4, 7, 11, 10, 10, 7, 11, 5, 2, 4, 7, 3, 6, 6, 3, 5, 4, 2, 1, 4, 1, 2, 5, 1, 4, 7, 6, 2, 1, 1, 1, 3, 9, 7, 3, 3, 4, 4, 4, 7, 9, 8, 11, 1, 9, 9, 3, 9, 1, 6, 3, 9, 5, 1, 6, 1, 3, 3, 3, 6, 3, 7, 5, 1, 4, 3, 1, 3, 8, 1, 9, 9, 3, 8, 2, 8, 7, 6, 3, 1, 11, 6, 3, 5, 7, 7] f(x) = 0.061881366303135225
Best solution in generation 19 is: x = [9, 10, 5, 1, 2, 10, 10, 9, 5, 6, 4, 11, 2, 7, 5, 3, 5, 7, 4, 4, 7, 11, 10, 10, 7, 11, 5, 2, 4, 7, 3, 6, 6, 3, 5, 4, 2, 1, 4, 1, 2, 5, 1, 4, 7, 6, 2, 1, 1, 1, 3, 9, 7, 3, 3, 4, 4, 4, 7, 9, 8, 11, 1, 9, 9, 3, 9, 1, 6, 3, 9, 5, 1, 6, 1, 3, 3, 3, 6, 3, 7, 5, 1, 4, 3, 1, 3, 8, 1, 9, 9, 3, 8, 2, 8, 7, 6, 3, 1, 11, 6, 3, 5, 7, 7] f(x) = 0.061881366303135225
Best solution in generation 20 is: x = [9, 10, 5, 4, 2, 10, 10, 8, 5, 9, 4, 11, 2, 7, 5, 8, 5, 7, 4, 4, 4, 11, 2, 3, 1, 6, 5, 2, 4, 7, 3, 6, 6, 3, 5, 4, 2, 7, 4, 1, 2, 2, 1, 4, 7, 11, 2, 2, 3, 2, 1, 9, 5, 3, 3, 4, 4, 4, 9, 9, 8, 11, 1, 9, 9, 7, 2, 1, 6, 2, 8, 5, 1, 6, 3, 3, 1, 3, 6, 3, 7, 5, 1, 4, 3, 1, 3, 3, 7, 1, 10, 3, 3, 2, 8, 7, 6, 9, 2, 8, 4, 3, 5, 7, 7] f(x) = 0.06659647986178624
Best solution in generation 21 is: x = [9, 10, 5, 4, 2, 10, 10, 8, 5, 9, 4, 11, 2, 7, 5, 8, 5, 7, 4, 4, 4, 11, 2, 3, 1, 6, 5, 2, 4, 7, 3, 6, 6, 3, 5, 4, 2, 7, 4, 1, 2, 2, 1, 4, 7, 11, 2, 2, 3, 2, 1, 9, 5, 3, 3, 4, 4, 4, 9, 9, 8, 11, 1, 9, 9, 9, 2, 1, 6, 2, 8, 5, 1, 6, 3, 3, 1, 3, 6, 3, 7, 5, 1, 4, 3, 1, 3, 3, 7, 1, 10, 3, 3, 2, 8, 7, 6, 9, 2, 8, 4, 3, 5, 7, 7] f(x) = 0.06970989453982676
Best solution in generation 22 is: x = [9, 10, 5, 4, 2, 10, 10, 8, 5, 9, 4, 11, 2, 7, 5, 8, 5, 7, 4, 4, 4, 11, 2, 3, 1, 6, 5, 2, 4, 7, 3, 6, 6, 3, 5, 4, 2, 7, 4, 4, 2, 2, 1, 4, 7, 11, 2, 2, 3, 2, 1, 9, 5, 3, 3, 4, 4, 4, 9, 9, 8, 11, 1, 9, 9, 9, 2, 1, 6, 2, 8, 5, 1, 6, 3, 3, 1, 3, 6, 3, 7, 5, 1, 4, 3, 1, 3, 3, 7, 1, 10, 3, 3, 2, 8, 7, 6, 9, 2, 8, 4, 3, 5, 7, 7] f(x) = 0.071864346645688
Best solution in generation 23 is: x = [9, 10, 5, 4, 2, 10, 10, 8, 5, 9, 4, 11, 2, 7, 5, 8, 5, 7, 4, 4, 4, 11, 2, 3, 2, 6, 5, 2, 4, 7, 3, 6, 6, 3, 5, 4, 2, 7, 4, 4, 2, 2, 1, 4, 7, 11, 2, 2, 3, 2, 1, 9, 5, 3, 3, 4, 4, 4, 9, 9, 8, 11, 1, 9, 9, 9, 2, 1, 6, 2, 8, 5, 1, 6, 3, 3, 1, 3, 6, 3, 7, 5, 1, 4, 3, 1, 3, 3, 7, 1, 10, 3, 3, 2, 8, 7, 6, 9, 2, 8, 4, 3, 5, 7, 7] f(x) = 0.07484407217157497
Best solution in generation 24 is: x = [9, 10, 5, 4, 2, 10, 10, 8, 5, 9, 4, 11, 2, 7, 5, 8, 5, 7, 4, 4, 4, 11, 2, 3, 2, 6, 5, 2, 4, 7, 3, 6, 6, 3, 5, 4, 2, 7, 4, 4, 2, 2, 1, 4, 7, 11, 2, 2, 3, 2, 1, 9, 5, 3, 3, 4, 4, 4, 9, 9, 8, 11, 1, 9, 9, 9, 2, 1, 6, 2, 8, 5, 1, 6, 3, 3, 1, 3, 6, 3, 7, 5, 1, 4, 3, 1, 3, 3, 7, 1, 10, 3, 3, 2, 8, 7, 6, 9, 2, 8, 4, 3, 5, 7, 7] f(x) = 0.07484407217157497
Best solution in generation 25 is: x = [9, 10, 5, 4, 2, 10, 10, 8, 5, 9, 4, 11, 2, 7, 5, 8, 5, 7, 4, 4, 4, 11, 2, 3, 2, 6, 5, 2, 4, 7, 3, 3, 6, 3, 5, 4, 2, 7, 4, 4, 2, 2, 1, 4, 7, 11, 2, 2, 3, 2, 1, 9, 5, 3, 3, 4, 4, 4, 9, 9, 8, 11, 1, 9, 9, 9, 2, 1, 6, 2, 8, 5, 1, 6, 3, 3, 1, 3, 6, 3, 7, 5, 1, 4, 3, 1, 3, 3, 7, 1, 10, 3, 8, 2, 8, 7, 6, 9, 2, 8, 4, 3, 5, 7, 7] f(x) = 0.07597785901964754
Best solution in generation 26 is: x = [9, 10, 5, 4, 2, 10, 10, 8, 5, 9, 4, 11, 2, 7, 5, 8, 5, 7, 4, 4, 4, 11, 2, 3, 2, 6, 5, 2, 4, 7, 3, 3, 6, 3, 5, 4, 2, 7, 4, 4, 2, 2, 1, 4, 7, 11, 2, 2, 3, 2, 1, 9, 5, 3, 3, 4, 4, 4, 9, 9, 8, 11, 1, 9, 8, 9, 2, 1, 6, 2, 8, 5, 1, 6, 3, 3, 1, 3, 6, 3, 7, 5, 1, 4, 3, 1, 3, 3, 7, 1, 10, 3, 8, 2, 8, 7, 6, 9, 3, 8, 4, 3, 5, 7, 7] f(x) = 0.07741244646006588
Best solution in generation 27 is: x = [9, 10, 5, 4, 2, 10, 10, 8, 5, 9, 4, 11, 2, 7, 5, 8, 5, 7, 4, 4, 4, 11, 2, 3, 2, 6, 5, 2, 4, 7, 3, 3, 6, 3, 5, 4, 2, 7, 4, 4, 2, 2, 1, 4, 7, 11, 2, 2, 3, 2, 1, 9, 5, 3, 3, 4, 4, 4, 9, 9, 8, 11, 1, 9, 8, 9, 2, 1, 6, 2, 8, 5, 1, 6, 3, 3, 1, 3, 6, 3, 7, 5, 1, 4, 3, 1, 3, 3, 7, 1, 10, 3, 8, 2, 8, 7, 6, 9, 3, 8, 4, 3, 5, 7, 7] f(x) = 0.07741244646006588
Best solution in generation 28 is: x = [9, 10, 5, 4, 2, 10, 10, 8, 5, 9, 4, 11, 2, 7, 5, 8, 5, 7, 4, 4, 4, 11, 2, 3, 2, 6, 5, 2, 4, 7, 3, 3, 6, 3, 5, 4, 2, 7, 4, 4, 2, 2, 1, 4, 7, 11, 2, 2, 3, 2, 1, 9, 5, 3, 3, 4, 4, 4, 9, 9, 8, 11, 1, 1, 8, 9, 2, 1, 6, 2, 8, 5, 1, 6, 3, 3, 1, 3, 6, 3, 7, 5, 1, 4, 3, 1, 3, 3, 7, 1, 10, 3, 8, 2, 8, 7, 6, 9, 3, 8, 4, 3, 5, 7, 7] f(x) = 0.07743301402193568
Best solution in generation 29 is: x = [9, 10, 8, 4, 2, 10, 10, 8, 5, 2, 4, 11, 2, 7, 5, 8, 5, 7, 11, 4, 4, 11, 2, 3, 2, 6, 5, 2, 4, 7, 3, 6, 6, 3, 5, 4, 2, 7, 4, 4, 2, 2, 1, 4, 7, 11, 2, 2, 3, 2, 1, 9, 5, 3, 3, 4, 4, 4, 9, 9, 8, 11, 1, 9, 9, 9, 2, 1, 6, 2, 8, 5, 1, 6, 3, 3, 1, 3, 6, 3, 7, 5, 1, 4, 3, 1, 3, 3, 7, 1, 10, 3, 3, 2, 8, 7, 6, 9, 2, 8, 4, 3, 5, 7, 7] f(x) = 0.07917611489040102
Best solution in generation 30 is: x = [9, 10, 8, 4, 2, 10, 10, 8, 5, 2, 4, 11, 2, 7, 5, 8, 5, 7, 11, 4, 4, 11, 2, 3, 2, 6, 5, 2, 4, 7, 3, 6, 6, 3, 5, 4, 2, 7, 4, 4, 2, 2, 1, 4, 7, 11, 2, 2, 3, 2, 1, 9, 5, 3, 3, 4, 4, 4, 9, 9, 8, 11, 1, 9, 9, 9, 2, 1, 6, 2, 8, 5, 1, 6, 3, 3, 1, 3, 6, 3, 7, 5, 1, 4, 3, 1, 3, 3, 7, 1, 10, 3, 3, 2, 8, 7, 6, 9, 2, 8, 4, 3, 5, 7, 7] f(x) = 0.07917611489040102
Best solution in generation 31 is: x = [9, 10, 8, 4, 2, 10, 10, 8, 5, 2, 4, 11, 2, 7, 5, 8, 5, 7, 4, 4, 4, 11, 2, 3, 2, 6, 5, 2, 4, 7, 3, 6, 6, 3, 5, 4, 2, 7, 4, 4, 2, 2, 1, 4, 7, 11, 2, 2, 3, 2, 1, 9, 5, 3, 3, 4, 4, 4, 9, 9, 8, 11, 1, 9, 9, 9, 7, 1, 6, 2, 8, 5, 1, 6, 3, 3, 1, 3, 6, 3, 7, 5, 1, 4, 3, 1, 3, 3, 7, 1, 10, 3, 3, 2, 8, 7, 6, 9, 2, 8, 4, 3, 5, 7, 7] f(x) = 0.08412775541055471
Best solution in generation 32 is: x = [9, 10, 8, 4, 2, 10, 10, 8, 5, 2, 4, 11, 2, 7, 5, 8, 5, 2, 4, 4, 4, 11, 2, 3, 2, 6, 5, 2, 4, 7, 3, 6, 6, 3, 5, 4, 2, 7, 4, 4, 2, 2, 1, 4, 7, 11, 2, 2, 3, 2, 1, 9, 5, 3, 3, 4, 4, 4, 9, 9, 8, 11, 1, 9, 9, 9, 7, 1, 6, 2, 8, 5, 1, 6, 3, 3, 1, 3, 6, 3, 7, 5, 1, 4, 3, 1, 3, 3, 7, 1, 10, 3, 3, 2, 8, 7, 6, 9, 2, 8, 4, 3, 5, 7, 7] f(x) = 0.08515613350404456
Best solution in generation 33 is: x = [9, 10, 8, 4, 2, 10, 10, 8, 5, 2, 4, 11, 2, 7, 5, 8, 5, 7, 4, 4, 4, 11, 2, 3, 2, 6, 5, 2, 4, 7, 3, 6, 6, 3, 5, 4, 2, 7, 4, 4, 2, 2, 1, 4, 7, 11, 2, 2, 3, 2, 1, 9, 5, 3, 3, 4, 4, 4, 9, 9, 8, 11, 1, 9, 9, 9, 7, 1, 6, 2, 8, 5, 1, 6, 3, 3, 1, 3, 6, 3, 7, 5, 1, 4, 3, 1, 3, 3, 7, 1, 10, 3, 3, 2, 8, 7, 6, 9, 2, 8, 4, 3, 2, 7, 7] f(x) = 0.08639532910669984
Best solution in generation 34 is: x = [9, 10, 8, 4, 2, 10, 10, 8, 5, 2, 4, 11, 2, 7, 5, 8, 5, 7, 4, 4, 4, 11, 2, 3, 2, 6, 5, 2, 4, 7, 3, 6, 6, 3, 5, 4, 2, 7, 4, 4, 2, 2, 1, 4, 7, 11, 2, 2, 3, 2, 1, 9, 5, 3, 3, 4, 4, 4, 9, 9, 8, 11, 1, 9, 9, 9, 7, 1, 6, 2, 8, 5, 1, 6, 3, 3, 1, 3, 6, 3, 7, 3, 1, 4, 3, 1, 3, 3, 7, 1, 10, 3, 3, 2, 8, 7, 6, 9, 2, 8, 4, 3, 2, 7, 7] f(x) = 0.08737485924074892
Best solution in generation 35 is: x = [9, 10, 8, 4, 2, 10, 10, 8, 5, 2, 4, 11, 2, 7, 5, 8, 5, 7, 4, 4, 4, 11, 2, 3, 2, 6, 5, 2, 4, 7, 3, 6, 6, 3, 5, 4, 2, 7, 4, 4, 2, 2, 1, 4, 7, 11, 2, 2, 3, 2, 1, 9, 5, 3, 3, 4, 4, 4, 9, 9, 8, 11, 1, 9, 9, 9, 7, 1, 11, 2, 8, 5, 1, 6, 3, 3, 1, 3, 6, 3, 7, 3, 1, 4, 3, 1, 3, 3, 7, 1, 10, 3, 3, 2, 8, 7, 6, 9, 2, 8, 4, 3, 2, 7, 7] f(x) = 0.08740056869308618
Best solution in generation 36 is: x = [9, 10, 8, 4, 2, 10, 10, 8, 5, 2, 4, 11, 2, 7, 5, 8, 5, 7, 4, 4, 4, 11, 2, 3, 2, 6, 5, 2, 4, 7, 3, 3, 6, 3, 5, 4, 2, 7, 4, 4, 2, 2, 1, 4, 7, 11, 2, 2, 3, 2, 1, 9, 5, 3, 3, 4, 4, 4, 9, 9, 8, 11, 1, 9, 9, 9, 7, 1, 11, 2, 8, 5, 1, 6, 3, 3, 1, 3, 6, 3, 7, 3, 1, 4, 3, 1, 3, 3, 7, 1, 10, 3, 3, 3, 8, 7, 6, 9, 2, 8, 4, 3, 2, 7, 7] f(x) = 0.09061682118047569
Best solution in generation 37 is: x = [9, 10, 8, 4, 2, 10, 10, 8, 5, 2, 4, 11, 2, 7, 5, 8, 5, 7, 4, 4, 4, 11, 2, 3, 2, 6, 5, 2, 4, 7, 3, 3, 6, 3, 5, 4, 2, 7, 4, 4, 2, 2, 1, 4, 7, 11, 2, 2, 3, 2, 1, 9, 5, 3, 3, 4, 4, 4, 9, 9, 8, 11, 1, 9, 9, 9, 7, 1, 11, 2, 8, 5, 1, 6, 3, 3, 1, 3, 6, 3, 7, 3, 1, 4, 3, 1, 3, 3, 7, 1, 10, 3, 3, 3, 8, 7, 6, 9, 2, 8, 4, 3, 2, 7, 7] f(x) = 0.09061682118047569
Best solution in generation 38 is: x = [9, 10, 8, 4, 2, 10, 10, 1, 5, 2, 4, 11, 2, 7, 5, 1, 5, 2, 4, 4, 4, 11, 2, 3, 2, 6, 5, 2, 4, 7, 3, 6, 7, 3, 5, 4, 2, 7, 4, 4, 2, 2, 10, 4, 7, 11, 2, 2, 11, 2, 1, 9, 5, 3, 3, 4, 4, 4, 9, 9, 8, 11, 1, 9, 9, 9, 7, 1, 6, 2, 8, 5, 1, 6, 3, 3, 3, 3, 6, 3, 7, 5, 1, 4, 3, 1, 3, 3, 7, 1, 10, 3, 3, 2, 8, 7, 6, 9, 2, 8, 4, 3, 2, 7, 7] f(x) = 0.09272242532689615
Best solution in generation 39 is: x = [9, 10, 8, 4, 2, 10, 10, 1, 5, 2, 4, 11, 2, 7, 5, 1, 5, 2, 4, 4, 4, 11, 2, 3, 2, 6, 5, 2, 4, 7, 3, 6, 7, 3, 5, 4, 2, 7, 4, 4, 2, 2, 10, 4, 7, 11, 2, 2, 11, 2, 8, 9, 5, 3, 3, 4, 4, 4, 9, 9, 8, 11, 1, 9, 9, 9, 7, 1, 6, 2, 8, 5, 1, 6, 3, 3, 3, 3, 6, 3, 7, 5, 1, 4, 3, 1, 3, 3, 7, 1, 10, 3, 3, 2, 8, 7, 6, 9, 2, 8, 4, 3, 2, 7, 7] f(x) = 0.0927584185601683
Best solution in generation 40 is: x = [9, 10, 8, 4, 2, 10, 10, 1, 5, 2, 4, 11, 2, 7, 5, 1, 5, 2, 4, 4, 4, 11, 2, 3, 2, 6, 5, 2, 4, 7, 3, 6, 7, 3, 5, 4, 2, 7, 4, 4, 2, 2, 10, 4, 7, 11, 2, 2, 11, 2, 8, 9, 2, 3, 3, 4, 4, 4, 9, 9, 8, 11, 1, 9, 9, 9, 7, 1, 6, 2, 8, 5, 1, 6, 3, 3, 3, 3, 6, 3, 7, 5, 1, 4, 3, 1, 3, 3, 7, 1, 10, 3, 3, 2, 8, 7, 6, 9, 2, 8, 4, 3, 2, 7, 7] f(x) = 0.0949077287755621
Best solution in generation 41 is: x = [9, 10, 8, 4, 2, 10, 10, 1, 5, 2, 4, 11, 2, 7, 5, 1, 5, 2, 4, 4, 4, 11, 2, 3, 2, 6, 5, 2, 4, 7, 3, 6, 7, 3, 5, 4, 2, 7, 4, 4, 2, 2, 10, 4, 7, 11, 2, 2, 11, 2, 8, 9, 2, 3, 3, 4, 4, 4, 9, 9, 8, 11, 1, 9, 9, 9, 7, 1, 6, 2, 8, 5, 1, 6, 3, 3, 3, 3, 6, 3, 7, 5, 1, 4, 3, 1, 3, 3, 7, 1, 10, 3, 3, 2, 8, 7, 6, 9, 2, 8, 4, 3, 2, 7, 7] f(x) = 0.0949077287755621
Best solution in generation 42 is: x = [9, 10, 8, 4, 2, 10, 10, 1, 5, 2, 4, 11, 2, 7, 5, 1, 5, 2, 4, 4, 4, 11, 2, 3, 2, 6, 5, 2, 4, 7, 3, 6, 7, 3, 5, 4, 2, 7, 4, 4, 2, 2, 10, 4, 7, 11, 2, 2, 11, 2, 8, 9, 2, 3, 3, 4, 4, 4, 9, 9, 8, 11, 1, 9, 9, 9, 7, 1, 6, 2, 8, 5, 1, 6, 3, 3, 3, 3, 6, 3, 7, 5, 1, 4, 3, 1, 3, 3, 7, 1, 10, 3, 3, 2, 8, 7, 6, 9, 2, 8, 4, 3, 2, 7, 7] f(x) = 0.0949077287755621
Best solution in generation 43 is: x = [9, 10, 8, 4, 2, 10, 10, 1, 5, 2, 4, 11, 2, 7, 5, 1, 5, 2, 4, 4, 4, 11, 2, 3, 2, 6, 5, 2, 4, 7, 3, 6, 6, 3, 5, 4, 2, 7, 4, 4, 2, 2, 10, 4, 7, 11, 2, 2, 11, 2, 8, 9, 5, 3, 3, 4, 4, 4, 9, 9, 8, 11, 1, 9, 9, 9, 7, 1, 6, 2, 1, 5, 1, 6, 3, 3, 3, 3, 6, 3, 7, 5, 1, 3, 3, 1, 3, 3, 7, 1, 10, 3, 3, 2, 9, 7, 6, 9, 2, 8, 4, 3, 2, 7, 7] f(x) = 0.09676652217954501
Best solution in generation 44 is: x = [9, 10, 8, 4, 2, 10, 10, 1, 5, 2, 4, 11, 2, 7, 5, 8, 5, 2, 4, 4, 4, 11, 2, 3, 2, 6, 5, 2, 4, 7, 3, 6, 6, 3, 5, 4, 2, 7, 4, 4, 2, 2, 10, 4, 7, 11, 2, 2, 11, 2, 8, 9, 5, 3, 3, 4, 4, 4, 9, 9, 8, 11, 1, 9, 9, 9, 7, 1, 6, 2, 1, 5, 1, 6, 3, 3, 3, 3, 6, 3, 7, 5, 1, 3, 3, 1, 3, 3, 7, 1, 10, 3, 3, 2, 9, 7, 6, 9, 2, 8, 4, 3, 2, 7, 7] f(x) = 0.09688478566029635
Best solution in generation 45 is: x = [9, 10, 8, 4, 2, 10, 10, 1, 5, 2, 4, 11, 2, 7, 5, 1, 5, 2, 4, 4, 4, 11, 2, 3, 2, 6, 5, 2, 4, 7, 3, 6, 6, 3, 5, 4, 2, 5, 4, 4, 2, 2, 10, 4, 7, 11, 2, 2, 11, 2, 8, 9, 5, 3, 3, 4, 4, 4, 9, 9, 8, 11, 1, 9, 9, 9, 7, 1, 6, 2, 1, 5, 1, 6, 3, 3, 3, 3, 6, 3, 7, 5, 1, 3, 3, 1, 3, 3, 7, 1, 10, 3, 3, 2, 9, 7, 6, 9, 2, 8, 4, 3, 2, 7, 7] f(x) = 0.09891583239493883
Best solution in generation 46 is: x = [9, 10, 8, 4, 2, 10, 10, 1, 5, 2, 4, 11, 2, 7, 5, 1, 5, 2, 4, 4, 4, 11, 2, 3, 2, 6, 5, 2, 4, 7, 3, 6, 6, 3, 5, 4, 2, 5, 4, 4, 2, 2, 10, 4, 7, 11, 2, 2, 11, 2, 8, 9, 5, 3, 3, 4, 4, 4, 9, 9, 8, 11, 1, 9, 9, 9, 7, 1, 6, 2, 1, 5, 1, 6, 3, 3, 3, 3, 6, 3, 7, 5, 1, 3, 3, 1, 3, 3, 7, 1, 10, 3, 3, 2, 9, 7, 6, 9, 2, 8, 4, 3, 2, 7, 7] f(x) = 0.09891583239493883
Best solution in generation 47 is: x = [9, 10, 8, 4, 2, 10, 10, 1, 5, 2, 4, 11, 2, 7, 5, 1, 5, 2, 4, 4, 4, 11, 2, 3, 2, 6, 5, 2, 4, 7, 3, 6, 6, 3, 5, 4, 2, 7, 4, 4, 2, 2, 10, 4, 7, 11, 2, 2, 11, 2, 8, 9, 5, 3, 2, 4, 4, 4, 9, 9, 8, 11, 1, 9, 9, 9, 8, 1, 6, 2, 1, 5, 1, 6, 3, 3, 3, 3, 5, 3, 7, 5, 1, 3, 3, 1, 3, 3, 7, 1, 10, 3, 3, 2, 8, 7, 6, 9, 2, 8, 4, 3, 2, 7, 7] f(x) = 0.1004044096852653
Best solution in generation 48 is: x = [9, 10, 8, 4, 2, 10, 10, 1, 5, 2, 4, 11, 2, 7, 5, 1, 5, 2, 4, 4, 4, 11, 2, 3, 2, 6, 5, 2, 4, 7, 3, 6, 6, 3, 5, 4, 2, 7, 4, 4, 2, 2, 10, 4, 7, 11, 2, 2, 11, 2, 8, 9, 5, 3, 2, 4, 4, 4, 9, 9, 8, 11, 1, 9, 9, 9, 8, 1, 6, 2, 1, 5, 1, 6, 3, 3, 3, 3, 5, 3, 7, 5, 1, 3, 3, 1, 3, 3, 7, 1, 10, 3, 3, 2, 8, 7, 6, 9, 2, 8, 4, 3, 2, 7, 7] f(x) = 0.1004044096852653
Best solution in generation 49 is: x = [9, 10, 8, 11, 2, 10, 10, 4, 5, 2, 4, 11, 2, 7, 5, 1, 5, 2, 4, 4, 4, 5, 5, 3, 2, 6, 5, 2, 4, 7, 3, 6, 6, 3, 5, 4, 2, 7, 3, 4, 2, 2, 1, 4, 7, 11, 2, 2, 3, 2, 1, 9, 5, 3, 3, 4, 4, 4, 9, 9, 8, 11, 1, 9, 9, 9, 7, 1, 6, 9, 10, 3, 1, 6, 3, 3, 1, 3, 6, 3, 7, 3, 1, 3, 3, 9, 3, 3, 7, 6, 10, 3, 3, 2, 8, 7, 6, 9, 2, 8, 3, 3, 2, 7, 1] f(x) = 0.10595250949964316
Best solution in generation 50 is: x = [11, 10, 8, 11, 2, 10, 10, 4, 5, 2, 4, 11, 2, 7, 5, 1, 5, 2, 4, 4, 4, 5, 5, 3, 2, 6, 5, 2, 4, 7, 3, 6, 6, 3, 5, 4, 2, 7, 3, 4, 2, 2, 1, 4, 7, 11, 2, 2, 3, 2, 1, 9, 5, 3, 3, 4, 4, 4, 9, 9, 8, 11, 1, 9, 9, 9, 7, 1, 6, 9, 10, 3, 1, 6, 3, 3, 1, 3, 6, 3, 7, 3, 1, 3, 3, 9, 3, 3, 7, 6, 10, 3, 3, 2, 8, 7, 6, 9, 2, 8, 3, 3, 2, 7, 1] f(x) = 0.1069166139622899
Best solution in generation 51 is: x = [11, 10, 8, 11, 2, 10, 10, 4, 5, 2, 4, 11, 2, 7, 5, 1, 5, 2, 4, 4, 4, 5, 5, 3, 2, 6, 5, 2, 4, 7, 3, 6, 6, 3, 5, 4, 2, 7, 3, 4, 2, 2, 1, 4, 7, 11, 2, 2, 3, 2, 8, 9, 5, 2, 3, 4, 4, 4, 9, 9, 8, 11, 1, 9, 9, 9, 7, 1, 6, 9, 10, 3, 1, 6, 3, 3, 1, 3, 6, 3, 7, 3, 1, 3, 3, 9, 3, 3, 7, 6, 10, 3, 3, 2, 8, 7, 6, 9, 2, 8, 3, 3, 2, 7, 1] f(x) = 0.10928445452255026
Best solution in generation 52 is: x = [11, 10, 8, 11, 2, 10, 10, 4, 5, 2, 4, 11, 2, 7, 5, 1, 5, 2, 4, 4, 4, 5, 5, 5, 2, 6, 5, 2, 4, 7, 3, 6, 6, 3, 5, 4, 2, 7, 3, 4, 2, 2, 1, 4, 7, 11, 2, 2, 3, 2, 1, 9, 5, 3, 3, 4, 4, 4, 9, 9, 8, 11, 1, 9, 9, 9, 7, 1, 6, 9, 10, 3, 1, 6, 3, 3, 3, 3, 6, 3, 7, 3, 1, 3, 3, 9, 3, 3, 7, 6, 10, 3, 3, 2, 8, 7, 6, 9, 2, 8, 3, 3, 2, 7, 1] f(x) = 0.1135522236105332
Best solution in generation 53 is: x = [11, 10, 8, 11, 2, 10, 10, 4, 5, 2, 4, 11, 2, 7, 5, 1, 5, 2, 4, 4, 4, 5, 5, 5, 2, 6, 5, 2, 4, 7, 3, 6, 6, 3, 5, 4, 2, 7, 3, 4, 2, 2, 1, 4, 7, 11, 2, 2, 3, 2, 1, 9, 5, 3, 3, 4, 4, 4, 9, 9, 8, 11, 1, 9, 9, 9, 7, 1, 6, 9, 10, 3, 1, 6, 3, 3, 3, 3, 6, 3, 7, 3, 1, 3, 3, 9, 3, 3, 7, 6, 10, 3, 3, 2, 8, 7, 6, 9, 2, 8, 3, 3, 2, 7, 1] f(x) = 0.1135522236105332
Best solution in generation 54 is: x = [11, 10, 8, 11, 2, 10, 10, 4, 5, 2, 4, 11, 2, 7, 5, 1, 5, 2, 4, 4, 4, 5, 5, 5, 2, 6, 5, 2, 4, 7, 3, 6, 6, 3, 5, 4, 2, 7, 3, 4, 2, 2, 4, 4, 7, 11, 2, 2, 3, 2, 1, 9, 5, 3, 3, 4, 4, 4, 9, 9, 8, 11, 1, 9, 9, 9, 7, 1, 6, 9, 10, 3, 1, 6, 3, 3, 3, 3, 6, 3, 7, 3, 1, 3, 3, 9, 3, 3, 7, 6, 10, 3, 3, 2, 8, 7, 6, 9, 2, 8, 3, 3, 2, 7, 1] f(x) = 0.11575809462106895
Best solution in generation 55 is: x = [11, 10, 8, 11, 2, 10, 10, 4, 5, 2, 4, 11, 2, 7, 5, 1, 5, 2, 4, 4, 4, 5, 5, 5, 2, 6, 5, 2, 4, 7, 3, 6, 6, 3, 5, 4, 2, 7, 3, 4, 2, 2, 4, 4, 7, 11, 2, 2, 3, 2, 1, 9, 5, 3, 3, 4, 4, 4, 9, 9, 8, 11, 1, 9, 9, 9, 7, 1, 6, 9, 10, 3, 1, 6, 3, 3, 3, 3, 6, 3, 7, 3, 1, 3, 3, 9, 3, 3, 7, 6, 10, 3, 3, 2, 8, 7, 6, 9, 2, 8, 3, 3, 2, 7, 1] f(x) = 0.11575809462106895
Best solution in generation 56 is: x = [11, 10, 8, 11, 2, 10, 10, 4, 5, 2, 4, 11, 2, 7, 5, 1, 5, 2, 4, 4, 4, 5, 5, 5, 2, 6, 5, 2, 4, 7, 3, 6, 6, 3, 5, 4, 2, 7, 3, 4, 2, 2, 4, 4, 7, 11, 2, 2, 3, 2, 1, 9, 5, 3, 3, 4, 4, 4, 9, 9, 8, 11, 1, 9, 9, 9, 7, 1, 6, 9, 10, 3, 1, 6, 3, 3, 3, 3, 6, 3, 7, 3, 1, 3, 3, 9, 3, 3, 7, 6, 10, 3, 3, 2, 8, 7, 6, 9, 2, 8, 3, 3, 2, 7, 1] f(x) = 0.11575809462106895
Best solution in generation 57 is: x = [11, 10, 8, 11, 2, 10, 10, 4, 5, 2, 4, 11, 2, 7, 5, 1, 5, 2, 4, 4, 4, 5, 5, 5, 2, 6, 5, 2, 4, 7, 3, 6, 6, 3, 5, 4, 2, 7, 3, 4, 2, 2, 4, 4, 7, 11, 2, 2, 3, 2, 1, 9, 5, 3, 3, 4, 4, 4, 9, 9, 8, 11, 1, 9, 9, 9, 7, 1, 6, 9, 10, 3, 1, 6, 3, 3, 3, 3, 6, 3, 7, 3, 1, 3, 3, 9, 3, 3, 7, 6, 10, 3, 3, 2, 8, 7, 6, 9, 2, 8, 3, 3, 2, 7, 1] f(x) = 0.11575809462106895
Best solution in generation 58 is: x = [11, 10, 8, 11, 2, 10, 10, 4, 5, 2, 4, 11, 2, 7, 5, 1, 5, 2, 4, 4, 8, 5, 5, 5, 2, 6, 5, 2, 4, 7, 3, 6, 6, 3, 5, 4, 2, 7, 3, 4, 2, 2, 4, 4, 7, 11, 2, 2, 3, 2, 1, 9, 5, 3, 3, 4, 4, 9, 9, 9, 8, 11, 1, 9, 9, 9, 7, 1, 6, 9, 10, 3, 10, 6, 3, 3, 3, 3, 6, 3, 7, 3, 3, 3, 3, 9, 3, 3, 7, 6, 10, 3, 3, 2, 8, 7, 6, 9, 2, 8, 3, 3, 2, 6, 1] f(x) = 0.12121106946179891
Best solution in generation 59 is: x = [11, 10, 8, 11, 2, 10, 10, 4, 5, 2, 4, 11, 2, 7, 5, 1, 5, 2, 4, 4, 8, 5, 5, 5, 2, 6, 5, 2, 4, 7, 3, 6, 6, 3, 5, 4, 2, 7, 3, 4, 2, 2, 4, 4, 7, 11, 2, 2, 3, 2, 1, 9, 5, 3, 3, 4, 4, 9, 9, 9, 8, 11, 1, 9, 9, 9, 7, 1, 6, 9, 10, 3, 10, 6, 3, 3, 3, 3, 6, 3, 7, 3, 3, 3, 3, 9, 3, 3, 7, 6, 10, 3, 3, 2, 8, 7, 6, 9, 2, 8, 3, 3, 2, 6, 1] f(x) = 0.12121106946179891
Best solution in generation 60 is: x = [11, 10, 8, 11, 2, 1, 10, 9, 5, 2, 4, 11, 2, 7, 5, 1, 5, 2, 4, 4, 8, 5, 5, 5, 2, 6, 5, 2, 4, 7, 3, 6, 6, 3, 5, 4, 2, 7, 3, 4, 2, 2, 4, 4, 7, 11, 2, 2, 3, 2, 1, 9, 5, 3, 3, 4, 4, 4, 9, 9, 8, 11, 1, 9, 9, 9, 7, 1, 6, 9, 10, 3, 10, 6, 3, 3, 3, 3, 6, 3, 7, 3, 3, 3, 3, 9, 3, 3, 7, 6, 10, 3, 3, 2, 8, 7, 6, 9, 2, 8, 3, 3, 2, 6, 1] f(x) = 0.12249397113342748
Best solution in generation 61 is: x = [11, 10, 8, 11, 2, 10, 10, 4, 5, 2, 4, 11, 2, 7, 4, 1, 5, 2, 4, 4, 4, 5, 5, 5, 2, 6, 5, 2, 4, 7, 3, 6, 6, 3, 5, 4, 2, 11, 3, 4, 2, 2, 4, 4, 7, 11, 2, 2, 3, 9, 1, 9, 5, 5, 3, 4, 4, 4, 9, 9, 8, 11, 8, 9, 9, 9, 7, 1, 6, 9, 10, 3, 1, 6, 3, 3, 3, 3, 6, 3, 7, 3, 3, 3, 3, 9, 3, 3, 7, 6, 10, 3, 3, 2, 8, 7, 6, 9, 2, 8, 3, 3, 2, 7, 1] f(x) = 0.12294388654932929
Best solution in generation 62 is: x = [11, 10, 8, 11, 2, 10, 10, 4, 5, 2, 4, 2, 2, 7, 4, 1, 5, 2, 4, 4, 4, 5, 5, 5, 2, 6, 5, 2, 4, 7, 3, 6, 6, 3, 5, 4, 2, 11, 3, 4, 2, 2, 4, 4, 7, 11, 2, 2, 3, 9, 1, 9, 5, 5, 3, 4, 4, 4, 9, 9, 8, 11, 8, 9, 9, 9, 7, 1, 6, 9, 10, 3, 1, 6, 3, 3, 3, 3, 6, 3, 7, 3, 3, 3, 3, 9, 3, 3, 7, 6, 10, 3, 3, 2, 8, 7, 6, 9, 2, 8, 3, 3, 2, 7, 1] f(x) = 0.12515747039556618
Best solution in generation 63 is: x = [11, 10, 8, 11, 2, 10, 10, 4, 5, 2, 4, 2, 2, 7, 4, 1, 5, 2, 4, 4, 4, 5, 5, 5, 2, 6, 5, 2, 4, 7, 3, 6, 6, 3, 5, 4, 2, 11, 3, 4, 2, 2, 4, 4, 7, 11, 2, 2, 3, 9, 1, 9, 5, 5, 3, 4, 4, 4, 9, 9, 8, 11, 8, 9, 9, 9, 7, 1, 6, 9, 10, 3, 1, 6, 3, 3, 3, 3, 6, 3, 7, 3, 3, 3, 3, 9, 3, 3, 7, 6, 10, 3, 3, 2, 8, 7, 6, 9, 2, 8, 3, 3, 2, 7, 1] f(x) = 0.12515747039556618
Best solution in generation 64 is: x = [11, 10, 8, 11, 2, 10, 10, 4, 5, 2, 4, 2, 2, 7, 4, 1, 5, 2, 4, 4, 4, 5, 5, 5, 2, 6, 5, 2, 4, 7, 3, 6, 6, 3, 5, 4, 2, 11, 3, 4, 2, 2, 4, 4, 7, 5, 2, 2, 3, 9, 1, 9, 5, 5, 3, 4, 4, 4, 9, 9, 8, 11, 8, 9, 9, 9, 7, 1, 6, 9, 10, 3, 1, 6, 3, 3, 3, 3, 6, 3, 7, 3, 3, 3, 3, 9, 3, 3, 7, 6, 10, 3, 3, 2, 8, 7, 6, 9, 2, 8, 3, 3, 2, 7, 1] f(x) = 0.12739162180367297
Best solution in generation 65 is: x = [11, 10, 8, 11, 2, 10, 10, 4, 5, 2, 4, 2, 2, 7, 4, 1, 5, 2, 4, 4, 4, 5, 5, 5, 2, 6, 5, 2, 4, 7, 3, 6, 6, 3, 5, 4, 2, 11, 3, 4, 2, 2, 4, 4, 7, 5, 2, 2, 3, 9, 1, 9, 5, 5, 3, 4, 4, 4, 9, 9, 8, 11, 8, 9, 9, 9, 7, 1, 6, 9, 10, 3, 1, 6, 3, 3, 3, 3, 6, 3, 7, 3, 3, 3, 3, 9, 3, 3, 7, 6, 10, 3, 3, 2, 8, 7, 6, 9, 2, 8, 3, 3, 2, 7, 1] f(x) = 0.12739162180367297
Best solution in generation 66 is: x = [11, 10, 8, 11, 2, 10, 10, 4, 5, 2, 4, 2, 2, 7, 4, 1, 5, 2, 4, 4, 4, 5, 5, 5, 2, 6, 5, 2, 4, 7, 3, 6, 6, 3, 5, 4, 2, 11, 3, 4, 2, 2, 4, 4, 7, 5, 2, 2, 3, 9, 1, 9, 5, 5, 3, 4, 4, 4, 9, 9, 8, 11, 8, 9, 9, 9, 7, 1, 6, 9, 10, 3, 1, 6, 3, 3, 3, 3, 6, 3, 7, 3, 3, 3, 3, 9, 3, 3, 7, 6, 10, 3, 3, 2, 8, 7, 6, 9, 2, 8, 3, 3, 2, 7, 1] f(x) = 0.12739162180367297
Best solution in generation 67 is: x = [11, 10, 8, 11, 2, 10, 10, 4, 5, 2, 4, 2, 2, 7, 4, 1, 5, 2, 4, 4, 4, 5, 5, 5, 2, 6, 5, 2, 4, 7, 3, 6, 6, 3, 5, 4, 2, 4, 3, 4, 2, 2, 4, 4, 7, 5, 2, 2, 3, 9, 1, 9, 5, 5, 3, 4, 4, 4, 9, 9, 8, 11, 8, 9, 9, 9, 7, 1, 6, 9, 10, 3, 1, 6, 3, 3, 3, 3, 6, 3, 7, 3, 3, 3, 3, 9, 3, 3, 7, 6, 10, 3, 3, 2, 8, 7, 6, 9, 2, 8, 3, 3, 2, 7, 1] f(x) = 0.12958720903327384
Best solution in generation 68 is: x = [11, 10, 8, 11, 2, 10, 10, 4, 5, 2, 4, 2, 2, 7, 4, 1, 5, 2, 4, 4, 4, 5, 5, 5, 2, 6, 5, 2, 4, 7, 3, 6, 6, 3, 5, 4, 2, 4, 3, 4, 2, 2, 4, 4, 7, 5, 2, 2, 3, 9, 1, 9, 5, 5, 3, 4, 4, 4, 9, 9, 8, 11, 8, 9, 9, 9, 7, 1, 6, 9, 10, 3, 1, 6, 3, 3, 3, 3, 6, 3, 7, 3, 3, 3, 3, 9, 3, 3, 7, 6, 10, 3, 3, 2, 8, 7, 6, 9, 2, 8, 3, 3, 2, 7, 1] f(x) = 0.12958720903327384
Best solution in generation 69 is: x = [11, 10, 8, 11, 6, 10, 10, 9, 5, 2, 4, 2, 2, 7, 4, 1, 5, 2, 4, 4, 8, 5, 5, 4, 2, 6, 5, 2, 4, 7, 3, 6, 6, 3, 5, 4, 2, 11, 3, 4, 2, 2, 4, 4, 7, 11, 2, 2, 3, 9, 1, 9, 5, 5, 3, 4, 4, 4, 9, 9, 8, 11, 8, 9, 9, 9, 7, 1, 6, 9, 10, 3, 1, 3, 3, 3, 3, 3, 6, 3, 7, 3, 3, 3, 3, 9, 3, 3, 7, 6, 10, 3, 3, 2, 8, 7, 6, 9, 2, 8, 3, 3, 2, 7, 1] f(x) = 0.1301862392727316
Best solution in generation 70 is: x = [11, 10, 8, 11, 2, 10, 10, 4, 5, 2, 4, 2, 2, 7, 4, 2, 5, 2, 4, 4, 4, 5, 5, 5, 2, 6, 5, 2, 4, 7, 3, 6, 6, 3, 5, 4, 2, 4, 3, 4, 2, 2, 4, 4, 7, 5, 2, 2, 3, 9, 1, 9, 5, 5, 3, 4, 4, 4, 9, 9, 8, 11, 8, 9, 9, 9, 7, 1, 6, 9, 10, 3, 1, 6, 3, 3, 3, 3, 6, 3, 7, 3, 3, 3, 3, 9, 3, 3, 7, 6, 10, 3, 3, 2, 8, 7, 6, 9, 2, 8, 3, 3, 2, 7, 1] f(x) = 0.13041248245329945
Best solution in generation 71 is: x = [11, 10, 8, 11, 6, 10, 10, 9, 5, 2, 4, 2, 2, 7, 4, 1, 5, 2, 4, 4, 8, 5, 5, 4, 2, 6, 5, 2, 4, 7, 3, 6, 3, 3, 5, 4, 2, 11, 3, 4, 2, 2, 4, 4, 7, 11, 2, 2, 3, 9, 1, 9, 5, 5, 3, 4, 4, 4, 9, 9, 8, 11, 8, 9, 9, 9, 7, 1, 6, 9, 10, 3, 1, 3, 3, 3, 3, 3, 6, 3, 7, 3, 3, 3, 3, 9, 3, 3, 7, 6, 10, 3, 3, 2, 8, 7, 6, 9, 2, 8, 3, 3, 2, 7, 1] f(x) = 0.13109635388547017
Best solution in generation 72 is: x = [11, 10, 8, 11, 6, 10, 10, 9, 5, 2, 4, 2, 2, 7, 4, 1, 5, 2, 4, 4, 8, 5, 5, 4, 2, 6, 5, 2, 4, 7, 3, 6, 3, 3, 5, 4, 2, 11, 3, 4, 2, 2, 4, 4, 7, 11, 2, 2, 3, 9, 1, 9, 5, 5, 3, 4, 4, 4, 9, 9, 8, 11, 8, 9, 9, 9, 7, 1, 6, 9, 10, 3, 1, 3, 3, 3, 3, 3, 6, 3, 7, 3, 3, 3, 3, 9, 3, 3, 7, 1, 10, 3, 3, 2, 8, 7, 6, 9, 2, 8, 3, 3, 2, 7, 1] f(x) = 0.13223014073354275
Best solution in generation 73 is: x = [11, 10, 8, 11, 2, 10, 10, 4, 5, 2, 4, 2, 2, 7, 4, 1, 5, 2, 4, 4, 4, 5, 5, 5, 2, 6, 5, 2, 4, 5, 3, 6, 6, 3, 5, 4, 2, 4, 3, 4, 2, 2, 4, 4, 7, 2, 2, 2, 3, 9, 1, 9, 5, 5, 3, 4, 4, 4, 9, 9, 8, 11, 8, 9, 9, 9, 7, 1, 6, 9, 8, 3, 1, 3, 3, 3, 3, 3, 6, 3, 7, 3, 3, 3, 3, 9, 3, 3, 7, 6, 10, 3, 3, 2, 8, 4, 6, 9, 2, 8, 3, 3, 2, 7, 1] f(x) = 0.13423290707061433
Best solution in generation 74 is: x = [11, 10, 8, 11, 2, 10, 10, 4, 5, 2, 4, 2, 2, 7, 4, 1, 5, 2, 4, 4, 4, 5, 5, 5, 2, 6, 5, 2, 4, 5, 3, 6, 6, 3, 5, 4, 2, 4, 3, 4, 2, 2, 4, 4, 7, 2, 2, 2, 3, 9, 1, 9, 5, 5, 3, 4, 4, 4, 9, 9, 8, 11, 8, 9, 9, 9, 7, 1, 6, 9, 8, 3, 1, 3, 3, 3, 3, 3, 6, 3, 7, 3, 3, 3, 3, 9, 3, 3, 7, 6, 10, 3, 3, 2, 8, 4, 6, 9, 2, 8, 3, 3, 2, 7, 1] f(x) = 0.13423290707061433
Best solution in generation 75 is: x = [11, 10, 8, 11, 2, 10, 10, 4, 5, 2, 4, 2, 2, 7, 4, 1, 5, 2, 4, 4, 4, 5, 5, 5, 2, 6, 5, 2, 4, 5, 3, 6, 6, 3, 5, 4, 2, 4, 3, 4, 2, 2, 4, 4, 7, 2, 2, 2, 3, 9, 1, 9, 5, 5, 3, 4, 4, 4, 9, 9, 8, 11, 8, 9, 9, 9, 7, 1, 6, 9, 8, 3, 1, 3, 3, 3, 3, 3, 6, 3, 7, 3, 3, 3, 3, 9, 3, 3, 7, 6, 10, 3, 3, 2, 8, 4, 6, 9, 2, 8, 3, 3, 2, 7, 1] f(x) = 0.13423290707061433
Best solution in generation 76 is: x = [11, 10, 8, 11, 2, 10, 10, 4, 5, 2, 4, 2, 2, 7, 4, 1, 5, 2, 4, 4, 4, 5, 5, 5, 2, 6, 5, 2, 4, 5, 3, 6, 6, 3, 5, 4, 2, 4, 3, 4, 2, 2, 4, 4, 7, 2, 2, 2, 3, 9, 1, 9, 5, 5, 3, 4, 4, 4, 9, 9, 8, 11, 8, 9, 9, 9, 7, 1, 6, 9, 8, 3, 1, 3, 3, 3, 3, 3, 6, 3, 7, 3, 3, 3, 3, 9, 3, 3, 7, 6, 10, 3, 3, 2, 8, 4, 6, 9, 2, 8, 3, 3, 2, 7, 1] f(x) = 0.13423290707061433
Best solution in generation 77 is: x = [11, 10, 8, 11, 2, 10, 10, 4, 5, 2, 4, 2, 2, 7, 4, 1, 5, 2, 4, 4, 4, 5, 5, 5, 2, 6, 5, 2, 4, 5, 3, 6, 6, 3, 5, 4, 2, 4, 3, 4, 2, 2, 4, 4, 7, 2, 2, 2, 3, 9, 1, 9, 5, 5, 3, 4, 4, 4, 9, 9, 8, 11, 8, 9, 9, 9, 7, 1, 6, 9, 8, 3, 1, 3, 3, 3, 3, 3, 6, 3, 7, 3, 3, 3, 3, 9, 3, 3, 7, 6, 10, 3, 3, 2, 8, 4, 6, 9, 2, 8, 3, 3, 2, 7, 1] f(x) = 0.13423290707061433
Best solution in generation 78 is: x = [11, 10, 8, 4, 6, 10, 10, 9, 2, 2, 4, 2, 2, 7, 7, 1, 5, 2, 4, 4, 8, 5, 5, 4, 2, 6, 5, 2, 4, 7, 3, 6, 6, 3, 5, 4, 2, 11, 3, 4, 2, 2, 4, 4, 7, 5, 2, 2, 3, 9, 1, 9, 5, 5, 3, 4, 4, 4, 9, 9, 8, 11, 8, 9, 9, 9, 7, 1, 6, 9, 10, 3, 1, 3, 3, 3, 3, 3, 6, 3, 7, 3, 3, 3, 3, 9, 3, 3, 7, 6, 10, 3, 3, 2, 8, 7, 6, 9, 4, 8, 3, 3, 2, 6, 1] f(x) = 0.1357317681418757
Best solution in generation 79 is: x = [11, 10, 8, 11, 6, 10, 10, 9, 5, 2, 4, 2, 2, 7, 4, 1, 5, 2, 4, 4, 2, 5, 5, 5, 2, 6, 5, 2, 4, 7, 3, 6, 3, 3, 5, 4, 2, 7, 7, 4, 2, 2, 4, 4, 7, 11, 2, 2, 3, 9, 1, 9, 5, 5, 3, 4, 4, 4, 9, 9, 8, 11, 8, 9, 9, 9, 7, 1, 6, 9, 10, 3, 1, 3, 3, 3, 3, 3, 6, 3, 7, 3, 3, 3, 3, 9, 3, 3, 7, 1, 10, 3, 3, 2, 11, 7, 6, 9, 2, 8, 3, 3, 2, 7, 1] f(x) = 0.13807389924979885
Best solution in generation 80 is: x = [11, 10, 8, 11, 6, 10, 10, 9, 5, 2, 4, 2, 2, 7, 4, 1, 5, 2, 4, 4, 2, 5, 5, 5, 2, 6, 5, 2, 4, 7, 3, 6, 3, 3, 5, 4, 2, 7, 7, 4, 2, 2, 4, 4, 7, 11, 2, 2, 3, 9, 1, 9, 5, 5, 3, 4, 4, 4, 9, 9, 8, 11, 8, 9, 9, 9, 7, 1, 6, 9, 10, 3, 1, 3, 3, 3, 3, 3, 6, 3, 7, 3, 3, 3, 3, 9, 3, 3, 7, 1, 10, 3, 3, 2, 11, 7, 6, 9, 2, 8, 3, 3, 2, 7, 1] f(x) = 0.13807389924979885
Best solution in generation 81 is: x = [11, 10, 8, 11, 6, 10, 10, 9, 5, 2, 4, 2, 2, 7, 4, 1, 5, 2, 4, 4, 2, 5, 5, 5, 2, 6, 5, 2, 4, 7, 3, 6, 3, 3, 5, 4, 2, 7, 7, 4, 2, 2, 4, 4, 7, 11, 2, 2, 3, 9, 1, 9, 5, 5, 3, 4, 4, 4, 9, 9, 8, 11, 8, 9, 9, 9, 7, 1, 6, 9, 10, 3, 1, 3, 3, 3, 3, 3, 6, 3, 7, 3, 3, 3, 3, 9, 3, 3, 7, 1, 10, 3, 3, 2, 11, 7, 6, 9, 2, 8, 3, 3, 2, 7, 1] f(x) = 0.13807389924979885
Best solution in generation 82 is: x = [11, 10, 8, 11, 6, 10, 10, 9, 5, 2, 4, 2, 2, 7, 4, 1, 5, 2, 2, 4, 4, 5, 5, 5, 2, 6, 5, 2, 4, 7, 3, 6, 3, 3, 5, 4, 2, 7, 7, 4, 2, 2, 4, 4, 7, 11, 2, 2, 3, 9, 1, 9, 5, 5, 3, 4, 4, 4, 9, 9, 8, 11, 8, 9, 9, 9, 7, 1, 6, 9, 10, 3, 3, 3, 3, 3, 3, 3, 6, 3, 9, 3, 3, 3, 3, 9, 3, 3, 7, 1, 10, 3, 3, 2, 11, 7, 6, 9, 2, 8, 3, 3, 2, 7, 1] f(x) = 0.14336233359557038
Best solution in generation 83 is: x = [11, 10, 8, 11, 6, 10, 10, 9, 5, 2, 4, 2, 2, 7, 4, 1, 5, 2, 2, 4, 4, 5, 5, 5, 2, 6, 5, 2, 4, 7, 3, 6, 3, 3, 5, 4, 2, 7, 7, 4, 2, 2, 4, 4, 7, 11, 2, 2, 3, 9, 1, 9, 5, 5, 3, 4, 4, 4, 9, 9, 8, 11, 8, 9, 9, 9, 7, 1, 6, 9, 10, 3, 3, 3, 3, 3, 3, 3, 6, 3, 9, 3, 3, 3, 3, 9, 3, 3, 7, 1, 10, 3, 3, 2, 11, 7, 6, 9, 2, 8, 3, 3, 2, 7, 1] f(x) = 0.14336233359557038
Best solution in generation 84 is: x = [11, 10, 8, 11, 6, 10, 10, 9, 5, 2, 4, 2, 2, 7, 4, 1, 5, 2, 2, 4, 4, 5, 5, 5, 2, 6, 5, 2, 4, 7, 3, 6, 3, 3, 5, 4, 2, 7, 7, 4, 2, 2, 4, 4, 7, 11, 2, 2, 3, 9, 1, 9, 5, 5, 3, 4, 4, 4, 9, 9, 8, 11, 8, 9, 9, 9, 7, 1, 6, 9, 10, 3, 3, 3, 3, 3, 3, 3, 6, 3, 9, 3, 3, 3, 3, 9, 3, 3, 7, 1, 10, 3, 3, 2, 11, 7, 6, 9, 2, 8, 3, 3, 2, 7, 1] f(x) = 0.14336233359557038
Best solution in generation 85 is: x = [11, 10, 8, 4, 8, 10, 10, 9, 5, 2, 4, 2, 2, 7, 7, 1, 5, 2, 4, 3, 2, 4, 5, 4, 2, 6, 5, 2, 4, 7, 5, 6, 3, 3, 10, 4, 2, 7, 7, 4, 2, 2, 4, 4, 7, 5, 2, 2, 5, 9, 1, 9, 5, 5, 3, 4, 4, 4, 9, 11, 8, 11, 8, 8, 9, 9, 7, 1, 6, 9, 10, 3, 3, 3, 3, 3, 3, 3, 6, 3, 7, 3, 3, 3, 3, 9, 3, 3, 7, 6, 10, 3, 2, 2, 8, 7, 6, 3, 4, 8, 3, 3, 2, 7, 1] f(x) = 0.14407191448007828
Best solution in generation 86 is: x = [11, 10, 3, 4, 6, 10, 10, 9, 5, 2, 4, 2, 2, 7, 7, 1, 5, 2, 4, 3, 2, 4, 5, 4, 2, 6, 5, 2, 4, 7, 3, 6, 3, 3, 10, 4, 2, 7, 7, 4, 2, 2, 4, 4, 7, 5, 2, 2, 5, 9, 1, 9, 5, 5, 3, 4, 4, 4, 9, 11, 8, 11, 8, 9, 9, 9, 7, 1, 6, 9, 10, 3, 3, 3, 3, 3, 3, 3, 6, 3, 7, 3, 3, 3, 3, 9, 3, 3, 7, 6, 10, 3, 2, 2, 8, 7, 6, 3, 4, 8, 3, 3, 2, 7, 1] f(x) = 0.14800803163291082
Best solution in generation 87 is: x = [11, 10, 8, 4, 8, 10, 10, 9, 5, 2, 4, 2, 2, 7, 7, 1, 5, 2, 2, 4, 2, 4, 5, 4, 2, 6, 5, 2, 4, 7, 5, 6, 3, 3, 10, 4, 2, 7, 7, 4, 2, 2, 4, 4, 7, 5, 2, 2, 5, 9, 1, 9, 5, 5, 3, 4, 4, 4, 9, 11, 8, 11, 8, 8, 9, 9, 7, 9, 6, 9, 10, 3, 3, 3, 3, 3, 3, 3, 6, 3, 7, 3, 3, 3, 3, 9, 3, 3, 7, 6, 10, 3, 3, 2, 8, 7, 6, 3, 4, 8, 3, 3, 2, 7, 1] f(x) = 0.15223466559715415
Best solution in generation 88 is: x = [11, 10, 8, 4, 8, 10, 10, 9, 5, 2, 4, 2, 2, 7, 7, 1, 5, 2, 2, 4, 2, 4, 5, 4, 2, 6, 5, 2, 4, 7, 5, 6, 3, 7, 10, 4, 2, 7, 7, 4, 2, 2, 4, 4, 7, 5, 2, 2, 5, 9, 1, 9, 5, 5, 3, 4, 4, 4, 9, 11, 8, 11, 8, 8, 9, 9, 7, 9, 6, 9, 10, 3, 3, 3, 3, 3, 3, 3, 6, 3, 7, 3, 3, 3, 3, 9, 3, 3, 7, 6, 10, 3, 3, 2, 8, 7, 6, 3, 4, 8, 3, 3, 2, 7, 1] f(x) = 0.15401633064412532
Best solution in generation 89 is: x = [11, 10, 8, 4, 8, 10, 10, 9, 5, 2, 4, 2, 2, 7, 7, 1, 5, 2, 2, 4, 2, 4, 5, 4, 2, 6, 5, 2, 4, 7, 5, 6, 3, 7, 10, 4, 2, 7, 7, 4, 2, 2, 4, 4, 7, 5, 2, 2, 5, 9, 1, 9, 5, 5, 3, 4, 4, 4, 9, 11, 8, 11, 8, 8, 9, 9, 7, 9, 6, 9, 10, 3, 3, 3, 3, 3, 3, 3, 6, 3, 7, 3, 3, 3, 3, 9, 3, 3, 7, 6, 10, 3, 3, 2, 8, 7, 6, 3, 4, 8, 3, 3, 2, 7, 1] f(x) = 0.15401633064412532
Best solution in generation 90 is: x = [11, 10, 8, 4, 8, 10, 10, 9, 5, 2, 4, 2, 2, 7, 7, 1, 5, 2, 2, 4, 2, 4, 5, 4, 2, 6, 5, 2, 4, 7, 5, 6, 3, 7, 10, 4, 2, 7, 7, 4, 2, 2, 4, 4, 7, 5, 2, 2, 5, 9, 1, 9, 5, 5, 3, 4, 4, 4, 9, 11, 8, 11, 8, 8, 9, 9, 7, 9, 6, 9, 10, 3, 3, 3, 3, 3, 3, 3, 6, 3, 7, 3, 3, 3, 3, 9, 3, 3, 7, 6, 10, 3, 3, 2, 8, 7, 6, 3, 4, 8, 3, 3, 2, 7, 1] f(x) = 0.15401633064412532
Best solution in generation 91 is: x = [11, 10, 8, 4, 8, 10, 10, 9, 5, 2, 4, 2, 2, 7, 7, 1, 5, 2, 2, 4, 2, 4, 5, 4, 2, 6, 5, 2, 4, 7, 3, 6, 3, 7, 10, 4, 2, 7, 7, 4, 2, 2, 4, 4, 7, 5, 2, 2, 5, 9, 1, 9, 5, 5, 3, 4, 4, 4, 9, 11, 8, 11, 8, 8, 9, 9, 7, 9, 6, 9, 10, 3, 3, 3, 3, 3, 3, 3, 6, 3, 7, 3, 3, 3, 3, 9, 3, 3, 7, 6, 10, 3, 3, 2, 8, 7, 6, 3, 4, 8, 3, 3, 2, 7, 1] f(x) = 0.16248502424401456
Best solution in generation 92 is: x = [11, 10, 8, 4, 8, 10, 10, 9, 5, 2, 4, 2, 2, 7, 7, 1, 5, 2, 2, 4, 2, 4, 5, 4, 2, 6, 5, 2, 4, 7, 3, 6, 3, 7, 10, 4, 2, 7, 7, 4, 2, 2, 4, 4, 7, 5, 2, 2, 5, 9, 1, 9, 5, 5, 3, 4, 4, 4, 9, 11, 8, 11, 8, 8, 9, 9, 7, 9, 6, 9, 10, 3, 3, 3, 3, 3, 3, 3, 6, 3, 7, 3, 3, 3, 3, 9, 3, 3, 7, 6, 10, 3, 3, 2, 8, 2, 6, 3, 4, 8, 3, 3, 2, 7, 1] f(x) = 0.16351597328273818
Best solution in generation 93 is: x = [11, 10, 8, 4, 8, 10, 10, 9, 5, 2, 4, 2, 2, 7, 7, 1, 5, 2, 2, 4, 2, 4, 5, 4, 2, 6, 5, 2, 4, 7, 3, 6, 3, 7, 10, 4, 2, 7, 7, 4, 2, 2, 4, 4, 7, 5, 2, 2, 5, 9, 1, 9, 5, 5, 3, 4, 4, 4, 9, 11, 8, 11, 8, 8, 9, 9, 7, 9, 6, 9, 10, 3, 3, 3, 3, 3, 3, 3, 6, 3, 7, 3, 3, 3, 3, 9, 3, 3, 7, 6, 10, 3, 3, 2, 8, 2, 6, 3, 4, 8, 3, 3, 2, 7, 1] f(x) = 0.16351597328273818
Best solution in generation 94 is: x = [11, 10, 8, 4, 8, 10, 10, 9, 5, 2, 4, 2, 2, 7, 7, 1, 5, 2, 2, 4, 2, 4, 5, 4, 2, 6, 5, 2, 4, 7, 3, 6, 3, 7, 10, 4, 2, 7, 7, 4, 2, 2, 4, 4, 7, 5, 2, 2, 5, 9, 1, 9, 5, 5, 3, 4, 4, 4, 9, 11, 8, 11, 8, 8, 9, 9, 7, 9, 6, 9, 10, 3, 3, 3, 3, 3, 3, 3, 6, 3, 7, 3, 3, 3, 3, 9, 3, 3, 7, 6, 10, 3, 3, 2, 8, 2, 6, 3, 4, 8, 3, 3, 2, 7, 1] f(x) = 0.16351597328273818
Best solution in generation 95 is: x = [11, 10, 8, 4, 8, 10, 10, 9, 5, 2, 4, 2, 2, 7, 7, 1, 5, 2, 2, 4, 2, 4, 5, 4, 2, 6, 5, 2, 4, 7, 3, 6, 3, 7, 10, 4, 2, 7, 7, 4, 2, 2, 4, 4, 7, 5, 2, 2, 5, 9, 1, 9, 5, 5, 3, 4, 4, 4, 9, 11, 8, 11, 8, 8, 9, 9, 7, 9, 6, 9, 10, 3, 3, 3, 3, 3, 3, 3, 6, 3, 7, 3, 3, 3, 3, 9, 3, 3, 7, 6, 10, 3, 3, 2, 8, 2, 6, 3, 4, 8, 3, 3, 2, 7, 1] f(x) = 0.16351597328273818
Best solution in generation 96 is: x = [11, 10, 8, 4, 8, 10, 10, 9, 5, 2, 4, 2, 2, 7, 7, 1, 5, 2, 2, 4, 2, 4, 5, 4, 2, 6, 5, 2, 4, 7, 3, 6, 3, 7, 10, 4, 2, 7, 7, 4, 2, 2, 4, 4, 7, 5, 2, 2, 5, 9, 1, 9, 5, 5, 3, 4, 4, 4, 9, 11, 8, 11, 8, 8, 9, 9, 7, 9, 6, 9, 10, 3, 3, 3, 3, 3, 3, 3, 6, 3, 7, 3, 3, 3, 3, 9, 3, 3, 7, 6, 10, 3, 3, 2, 8, 2, 6, 3, 4, 8, 3, 3, 2, 7, 1] f(x) = 0.16351597328273818
Best solution in generation 97 is: x = [11, 10, 8, 4, 8, 10, 10, 9, 5, 2, 4, 2, 2, 7, 7, 1, 5, 2, 2, 4, 2, 4, 4, 4, 2, 6, 5, 2, 7, 7, 3, 6, 3, 7, 10, 4, 2, 7, 7, 4, 2, 2, 4, 4, 7, 5, 2, 2, 5, 9, 1, 9, 5, 5, 3, 4, 4, 4, 9, 11, 8, 11, 8, 8, 9, 9, 7, 9, 8, 9, 10, 3, 3, 3, 3, 3, 3, 3, 6, 3, 3, 3, 3, 3, 3, 9, 3, 3, 7, 6, 10, 3, 3, 2, 8, 7, 6, 3, 4, 8, 3, 3, 2, 7, 1] f(x) = 0.1646343344594085
Best solution in generation 98 is: x = [11, 10, 8, 4, 8, 10, 10, 9, 5, 2, 4, 2, 2, 7, 7, 1, 5, 1, 2, 4, 2, 4, 5, 4, 2, 6, 5, 2, 4, 7, 3, 6, 3, 7, 10, 4, 2, 7, 7, 4, 2, 2, 4, 4, 7, 5, 2, 2, 5, 9, 1, 9, 5, 5, 2, 4, 4, 4, 9, 11, 8, 11, 8, 8, 9, 9, 7, 9, 6, 9, 10, 3, 3, 3, 3, 3, 3, 3, 6, 3, 7, 3, 3, 3, 3, 9, 3, 3, 7, 6, 10, 3, 3, 2, 8, 2, 6, 3, 4, 8, 3, 3, 2, 7, 1] f(x) = 0.16597893881664652
Best solution in generation 99 is: x = [8, 10, 8, 4, 8, 10, 10, 9, 5, 2, 4, 2, 2, 7, 7, 1, 5, 2, 2, 4, 2, 4, 5, 4, 2, 6, 5, 2, 7, 7, 3, 6, 3, 7, 10, 4, 2, 7, 7, 4, 2, 2, 4, 4, 7, 5, 2, 2, 5, 9, 9, 9, 5, 5, 3, 4, 4, 4, 9, 11, 8, 11, 8, 8, 9, 9, 7, 9, 8, 9, 10, 3, 3, 3, 3, 3, 3, 3, 6, 3, 3, 3, 3, 3, 3, 9, 3, 3, 7, 6, 10, 3, 3, 2, 8, 7, 6, 3, 4, 8, 3, 3, 2, 7, 1] f(x) = 0.16899722852103932
Best solution in generation 100 is: x = [8, 10, 8, 4, 8, 10, 10, 9, 5, 2, 4, 2, 2, 7, 7, 1, 5, 2, 2, 4, 2, 4, 5, 4, 2, 6, 5, 2, 7, 7, 3, 6, 3, 7, 10, 4, 2, 7, 7, 4, 2, 2, 4, 4, 7, 5, 2, 2, 5, 9, 9, 9, 5, 5, 3, 4, 4, 4, 9, 11, 8, 11, 8, 8, 9, 9, 7, 9, 8, 9, 10, 3, 3, 3, 3, 3, 3, 3, 6, 3, 3, 3, 3, 3, 3, 9, 3, 3, 7, 6, 10, 3, 3, 2, 8, 7, 6, 3, 4, 8, 3, 3, 2, 7, 1] f(x) = 0.16899722852103932
Best solution in generation 101 is: x = [8, 10, 8, 4, 8, 10, 10, 9, 5, 2, 4, 2, 2, 7, 7, 1, 5, 2, 2, 4, 2, 4, 5, 4, 2, 6, 5, 2, 7, 7, 3, 6, 3, 7, 10, 4, 2, 7, 7, 4, 2, 2, 4, 4, 7, 5, 2, 2, 5, 9, 9, 9, 5, 5, 3, 4, 4, 4, 9, 11, 8, 11, 8, 8, 9, 9, 7, 9, 8, 9, 10, 3, 3, 3, 3, 3, 3, 3, 6, 3, 3, 3, 3, 3, 3, 9, 3, 3, 7, 6, 10, 3, 3, 2, 1, 2, 6, 3, 4, 8, 3, 3, 2, 7, 1] f(x) = 0.17029041397360273
Best solution in generation 102 is: x = [8, 10, 8, 4, 8, 10, 10, 9, 5, 2, 4, 2, 2, 7, 7, 3, 5, 2, 2, 4, 2, 4, 5, 4, 2, 6, 5, 2, 7, 7, 3, 6, 3, 7, 10, 4, 2, 7, 7, 4, 2, 2, 4, 4, 7, 5, 2, 2, 5, 9, 9, 9, 5, 5, 3, 4, 4, 4, 9, 11, 8, 11, 8, 8, 9, 9, 7, 9, 8, 9, 10, 3, 3, 3, 3, 3, 3, 3, 3, 3, 3, 3, 3, 3, 3, 9, 3, 3, 7, 6, 10, 3, 3, 2, 8, 7, 6, 3, 4, 8, 3, 3, 2, 7, 1] f(x) = 0.17179698788056544
Best solution in generation 103 is: x = [8, 10, 8, 4, 8, 10, 10, 9, 5, 2, 4, 2, 2, 7, 7, 3, 5, 2, 2, 4, 2, 4, 5, 4, 2, 6, 5, 2, 7, 7, 3, 6, 3, 7, 10, 4, 2, 7, 7, 4, 2, 2, 4, 4, 7, 5, 2, 2, 5, 9, 9, 9, 5, 5, 3, 4, 4, 4, 9, 11, 8, 11, 8, 8, 9, 9, 7, 9, 8, 9, 10, 3, 3, 3, 3, 3, 3, 3, 3, 3, 3, 3, 3, 3, 3, 9, 3, 3, 7, 6, 10, 3, 3, 2, 8, 7, 6, 3, 4, 8, 3, 3, 2, 7, 1] f(x) = 0.17179698788056544
Best solution in generation 104 is: x = [8, 10, 8, 4, 8, 10, 10, 9, 5, 2, 4, 2, 2, 7, 7, 3, 5, 2, 2, 4, 2, 4, 5, 4, 2, 6, 5, 2, 7, 7, 3, 6, 3, 7, 10, 4, 2, 7, 7, 4, 2, 2, 4, 4, 7, 5, 2, 2, 5, 9, 9, 9, 5, 5, 3, 4, 4, 4, 9, 11, 8, 11, 8, 8, 9, 9, 7, 9, 8, 9, 10, 3, 3, 3, 3, 3, 3, 3, 3, 3, 3, 3, 3, 3, 3, 9, 3, 3, 3, 6, 10, 3, 3, 2, 8, 7, 6, 3, 4, 8, 3, 3, 2, 7, 1] f(x) = 0.1738640278484801
Best solution in generation 105 is: x = [8, 10, 8, 4, 8, 10, 10, 9, 5, 2, 4, 2, 2, 7, 7, 3, 5, 2, 2, 4, 2, 4, 5, 4, 2, 6, 5, 2, 7, 7, 3, 6, 3, 7, 10, 4, 2, 7, 7, 4, 2, 2, 4, 4, 7, 5, 2, 2, 5, 9, 9, 9, 5, 5, 3, 4, 4, 4, 9, 11, 8, 11, 8, 8, 9, 9, 7, 9, 8, 9, 10, 3, 3, 3, 3, 3, 3, 3, 3, 3, 3, 3, 3, 3, 3, 9, 3, 3, 3, 6, 10, 3, 3, 2, 8, 7, 6, 3, 4, 8, 3, 3, 2, 7, 1] f(x) = 0.1738640278484801
Best solution in generation 106 is: x = [8, 10, 8, 4, 8, 10, 10, 9, 5, 2, 4, 2, 2, 7, 7, 3, 5, 2, 2, 4, 2, 4, 5, 4, 2, 6, 5, 2, 7, 7, 3, 6, 3, 7, 10, 4, 2, 7, 7, 4, 2, 2, 4, 4, 7, 5, 2, 2, 5, 9, 9, 9, 5, 5, 3, 4, 4, 4, 9, 11, 8, 11, 8, 8, 9, 9, 7, 9, 8, 9, 10, 3, 3, 3, 3, 3, 3, 3, 3, 3, 3, 3, 3, 3, 3, 9, 3, 3, 3, 6, 10, 3, 3, 2, 8, 7, 6, 3, 4, 8, 3, 3, 2, 7, 1] f(x) = 0.1738640278484801
Best solution in generation 107 is: x = [8, 10, 8, 4, 8, 10, 10, 9, 5, 2, 4, 2, 2, 7, 7, 3, 5, 2, 2, 4, 2, 4, 5, 4, 2, 6, 5, 2, 7, 7, 3, 6, 3, 7, 10, 4, 5, 7, 7, 4, 2, 2, 4, 4, 7, 5, 2, 2, 5, 9, 9, 9, 5, 5, 3, 4, 4, 4, 9, 11, 8, 11, 8, 8, 9, 9, 3, 9, 8, 9, 10, 3, 3, 3, 3, 3, 3, 3, 3, 3, 3, 3, 3, 3, 3, 9, 3, 3, 3, 6, 10, 3, 3, 2, 8, 7, 6, 3, 4, 8, 3, 3, 2, 7, 1] f(x) = 0.17751734102560277
Best solution in generation 108 is: x = [8, 10, 8, 4, 8, 10, 10, 9, 5, 2, 4, 2, 2, 7, 7, 3, 5, 2, 2, 4, 2, 4, 5, 4, 2, 6, 5, 2, 7, 7, 3, 6, 3, 7, 10, 4, 5, 7, 7, 4, 2, 2, 4, 4, 7, 5, 2, 2, 5, 9, 9, 9, 5, 5, 3, 4, 4, 4, 9, 11, 8, 11, 8, 8, 9, 9, 3, 9, 8, 9, 10, 3, 3, 3, 3, 3, 3, 3, 3, 3, 3, 3, 3, 3, 3, 9, 3, 3, 3, 6, 10, 3, 3, 2, 8, 7, 6, 3, 4, 8, 3, 3, 2, 7, 1] f(x) = 0.17751734102560277
Best solution in generation 109 is: x = [8, 10, 8, 4, 8, 10, 10, 9, 5, 2, 4, 2, 2, 7, 7, 3, 5, 2, 2, 4, 2, 4, 5, 4, 2, 6, 5, 2, 7, 7, 3, 6, 3, 7, 10, 4, 5, 7, 7, 4, 2, 2, 4, 4, 7, 5, 2, 2, 5, 9, 9, 9, 5, 5, 3, 4, 4, 4, 9, 11, 8, 11, 8, 8, 9, 9, 3, 9, 8, 9, 10, 3, 3, 3, 3, 3, 3, 3, 3, 3, 3, 3, 3, 3, 3, 9, 3, 3, 3, 6, 10, 3, 3, 2, 8, 7, 6, 3, 4, 8, 3, 3, 2, 7, 1] f(x) = 0.17751734102560277
Best solution in generation 110 is: x = [8, 10, 8, 4, 8, 10, 10, 9, 5, 2, 4, 2, 2, 7, 7, 3, 5, 2, 2, 4, 2, 4, 5, 4, 2, 6, 5, 2, 7, 7, 3, 6, 3, 7, 10, 4, 5, 7, 7, 4, 2, 2, 4, 4, 7, 5, 2, 2, 5, 9, 9, 9, 5, 5, 3, 4, 4, 4, 9, 11, 8, 11, 8, 8, 9, 9, 3, 9, 8, 9, 10, 3, 3, 3, 3, 3, 3, 3, 3, 3, 3, 3, 3, 3, 3, 9, 3, 3, 3, 6, 10, 3, 3, 2, 8, 7, 6, 3, 4, 8, 3, 3, 2, 7, 1] f(x) = 0.17751734102560277
Best solution in generation 111 is: x = [8, 10, 8, 4, 8, 10, 10, 9, 5, 2, 4, 2, 2, 7, 7, 3, 5, 2, 2, 4, 2, 4, 5, 4, 2, 6, 5, 2, 7, 7, 3, 6, 7, 7, 10, 4, 5, 7, 7, 4, 2, 2, 6, 4, 7, 5, 2, 2, 5, 9, 9, 9, 5, 5, 3, 4, 4, 4, 9, 11, 8, 11, 8, 8, 9, 9, 3, 9, 8, 9, 10, 3, 3, 3, 3, 3, 3, 3, 3, 3, 3, 3, 3, 3, 3, 9, 3, 3, 3, 6, 10, 3, 3, 2, 8, 7, 6, 3, 4, 8, 3, 3, 2, 7, 1] f(x) = 0.17802638818188027
Best solution in generation 112 is: x = [8, 10, 8, 4, 8, 10, 10, 9, 5, 2, 4, 2, 2, 7, 7, 3, 5, 2, 2, 4, 2, 4, 5, 4, 2, 6, 5, 2, 7, 7, 3, 6, 7, 7, 10, 4, 5, 7, 7, 4, 2, 2, 6, 4, 7, 5, 2, 2, 5, 9, 9, 9, 5, 5, 3, 4, 4, 4, 9, 11, 8, 11, 8, 8, 9, 9, 3, 9, 8, 9, 10, 3, 3, 3, 3, 3, 3, 3, 3, 3, 3, 3, 3, 3, 3, 9, 3, 3, 3, 6, 10, 3, 3, 2, 8, 7, 6, 3, 4, 8, 3, 3, 2, 7, 1] f(x) = 0.17802638818188027
Best solution in generation 113 is: x = [8, 10, 8, 4, 8, 10, 10, 9, 5, 2, 4, 2, 2, 7, 7, 3, 5, 2, 2, 4, 2, 4, 5, 4, 2, 6, 5, 2, 7, 7, 3, 6, 7, 7, 10, 4, 5, 7, 7, 4, 2, 2, 6, 4, 7, 5, 2, 2, 5, 9, 9, 9, 5, 5, 3, 4, 4, 4, 9, 11, 8, 11, 8, 8, 9, 9, 3, 9, 8, 9, 10, 3, 3, 3, 3, 3, 3, 3, 3, 3, 3, 3, 3, 3, 3, 9, 3, 3, 3, 6, 10, 3, 3, 2, 8, 7, 6, 3, 4, 8, 3, 3, 2, 7, 1] f(x) = 0.17802638818188027
Best solution in generation 114 is: x = [8, 10, 8, 4, 8, 10, 10, 9, 5, 2, 4, 2, 2, 7, 7, 3, 5, 2, 2, 4, 2, 4, 5, 4, 5, 6, 5, 2, 7, 7, 3, 3, 3, 7, 10, 4, 5, 7, 7, 1, 2, 2, 4, 4, 7, 5, 2, 2, 5, 9, 9, 9, 2, 5, 3, 4, 4, 4, 9, 11, 8, 11, 8, 8, 9, 9, 3, 9, 8, 9, 10, 3, 3, 3, 3, 3, 3, 3, 3, 3, 3, 3, 3, 3, 3, 9, 3, 3, 3, 6, 10, 3, 3, 2, 8, 9, 6, 3, 4, 8, 3, 3, 2, 7, 1] f(x) = 0.17936070875818347
Best solution in generation 115 is: x = [8, 10, 8, 4, 8, 10, 10, 9, 5, 2, 4, 2, 2, 7, 7, 3, 5, 2, 2, 4, 2, 4, 5, 4, 5, 6, 5, 2, 7, 7, 3, 3, 3, 7, 10, 4, 2, 7, 7, 1, 2, 2, 4, 4, 7, 5, 2, 2, 5, 9, 9, 9, 2, 5, 3, 4, 4, 4, 9, 11, 8, 11, 8, 8, 9, 9, 3, 9, 8, 9, 10, 3, 3, 3, 3, 3, 3, 3, 3, 3, 3, 3, 3, 3, 3, 9, 3, 3, 3, 6, 10, 3, 3, 2, 8, 9, 6, 3, 4, 8, 3, 3, 3, 7, 1] f(x) = 0.1803093875494279
Best solution in generation 116 is: x = [8, 10, 8, 4, 8, 10, 10, 9, 5, 2, 4, 2, 2, 7, 7, 3, 5, 2, 2, 4, 2, 4, 5, 4, 5, 6, 5, 2, 7, 7, 3, 3, 3, 7, 10, 4, 2, 7, 7, 1, 2, 2, 4, 4, 7, 5, 2, 2, 5, 9, 9, 9, 2, 5, 3, 4, 4, 4, 9, 11, 8, 11, 8, 8, 9, 9, 3, 9, 8, 9, 10, 3, 3, 3, 3, 3, 3, 3, 3, 3, 3, 3, 3, 3, 3, 9, 3, 3, 3, 6, 10, 3, 3, 2, 8, 9, 6, 3, 4, 8, 3, 3, 3, 7, 1] f(x) = 0.1803093875494279
Best solution in generation 117 is: x = [8, 10, 8, 4, 8, 10, 10, 9, 5, 2, 4, 2, 2, 7, 7, 3, 5, 2, 2, 4, 2, 4, 5, 4, 5, 6, 5, 2, 7, 7, 3, 3, 3, 7, 10, 4, 2, 7, 7, 1, 2, 2, 4, 4, 7, 5, 2, 2, 5, 9, 9, 9, 2, 5, 3, 4, 4, 4, 9, 11, 8, 11, 8, 8, 9, 9, 3, 9, 8, 9, 10, 3, 3, 3, 3, 3, 3, 3, 3, 3, 3, 3, 3, 3, 3, 9, 3, 3, 3, 6, 10, 3, 3, 2, 8, 9, 6, 3, 4, 8, 3, 3, 8, 7, 1] f(x) = 0.18144317439750046
Best solution in generation 118 is: x = [8, 10, 8, 4, 8, 10, 10, 9, 5, 2, 4, 2, 2, 7, 7, 3, 5, 2, 2, 4, 2, 4, 5, 4, 5, 6, 5, 2, 7, 7, 3, 3, 3, 7, 10, 4, 2, 7, 7, 1, 2, 2, 4, 4, 7, 5, 2, 2, 5, 9, 9, 9, 2, 5, 3, 4, 4, 4, 9, 11, 8, 11, 8, 8, 9, 9, 3, 9, 8, 9, 10, 3, 3, 3, 3, 3, 3, 3, 3, 3, 3, 3, 3, 3, 3, 9, 3, 3, 3, 6, 10, 3, 3, 2, 8, 9, 6, 3, 4, 8, 3, 3, 8, 7, 1] f(x) = 0.18144317439750046
Best solution in generation 119 is: x = [8, 10, 8, 4, 8, 10, 10, 9, 5, 2, 4, 2, 2, 7, 7, 3, 5, 2, 2, 4, 2, 4, 5, 4, 5, 6, 5, 2, 7, 7, 3, 3, 3, 7, 10, 4, 2, 7, 7, 1, 2, 2, 4, 4, 7, 5, 2, 2, 5, 9, 9, 9, 2, 5, 3, 4, 4, 4, 9, 11, 8, 11, 8, 8, 9, 9, 3, 9, 8, 9, 10, 3, 3, 3, 3, 3, 3, 3, 3, 3, 3, 3, 3, 3, 3, 9, 3, 3, 3, 6, 10, 3, 3, 2, 8, 9, 6, 3, 4, 8, 3, 3, 8, 7, 1] f(x) = 0.18144317439750046
Best solution in generation 120 is: x = [8, 10, 8, 4, 8, 10, 10, 9, 5, 2, 4, 2, 2, 7, 7, 3, 5, 2, 2, 4, 2, 4, 5, 4, 5, 6, 5, 2, 7, 7, 3, 3, 3, 7, 10, 4, 2, 7, 7, 1, 2, 2, 4, 4, 7, 5, 2, 2, 5, 9, 9, 9, 2, 5, 3, 4, 4, 4, 9, 11, 8, 11, 8, 8, 9, 9, 3, 9, 8, 9, 10, 3, 3, 3, 3, 3, 3, 3, 3, 3, 3, 3, 3, 3, 3, 9, 3, 3, 3, 6, 10, 3, 3, 2, 8, 9, 6, 3, 4, 8, 3, 3, 8, 7, 1] f(x) = 0.18144317439750046
Best solution in generation 121 is: x = [8, 10, 8, 4, 8, 10, 10, 9, 5, 2, 4, 2, 2, 7, 7, 3, 5, 2, 2, 4, 2, 4, 5, 4, 5, 6, 5, 2, 7, 7, 3, 3, 3, 7, 10, 4, 2, 7, 7, 1, 2, 2, 4, 4, 7, 5, 2, 2, 5, 9, 9, 9, 2, 5, 3, 4, 4, 4, 9, 11, 8, 11, 8, 8, 9, 9, 3, 9, 10, 9, 10, 3, 3, 3, 3, 3, 3, 3, 3, 3, 3, 3, 3, 3, 3, 9, 3, 3, 3, 6, 10, 3, 3, 2, 8, 9, 6, 3, 4, 8, 3, 3, 8, 7, 1] f(x) = 0.18146117101413656
Best solution in generation 122 is: x = [8, 10, 8, 4, 8, 10, 10, 9, 5, 2, 4, 2, 2, 7, 7, 3, 5, 2, 2, 4, 2, 4, 5, 4, 5, 6, 5, 2, 7, 7, 3, 3, 3, 7, 10, 4, 2, 7, 7, 1, 2, 2, 4, 4, 7, 5, 2, 2, 5, 9, 9, 9, 2, 5, 3, 4, 4, 4, 9, 11, 8, 11, 8, 8, 9, 9, 3, 9, 10, 9, 10, 3, 3, 3, 3, 3, 3, 3, 3, 3, 3, 3, 3, 3, 3, 9, 3, 3, 3, 6, 10, 3, 3, 2, 8, 9, 6, 3, 4, 8, 3, 3, 8, 7, 1] f(x) = 0.18146117101413656
Best solution in generation 123 is: x = [8, 10, 8, 4, 8, 10, 10, 9, 5, 2, 4, 2, 2, 7, 7, 4, 5, 2, 2, 4, 2, 4, 5, 4, 5, 6, 5, 2, 7, 7, 3, 3, 3, 7, 2, 4, 2, 7, 7, 1, 2, 2, 4, 4, 7, 5, 2, 2, 5, 9, 9, 9, 2, 5, 3, 4, 4, 4, 9, 11, 2, 11, 8, 8, 9, 9, 3, 9, 8, 9, 10, 3, 3, 3, 3, 3, 3, 3, 3, 3, 3, 3, 3, 3, 3, 9, 3, 3, 3, 6, 10, 3, 3, 2, 8, 8, 6, 3, 4, 11, 3, 3, 8, 3, 1] f(x) = 0.18244841398388684
Best solution in generation 124 is: x = [8, 10, 8, 4, 8, 10, 10, 9, 5, 2, 4, 2, 2, 7, 7, 4, 5, 2, 2, 4, 2, 4, 5, 4, 5, 6, 5, 2, 7, 7, 3, 3, 3, 7, 2, 4, 2, 7, 7, 1, 2, 2, 4, 4, 7, 5, 2, 2, 5, 9, 9, 9, 2, 5, 3, 4, 4, 4, 9, 11, 2, 11, 8, 8, 9, 9, 3, 9, 8, 9, 10, 3, 3, 3, 3, 3, 3, 3, 3, 3, 3, 3, 3, 3, 3, 9, 3, 3, 3, 6, 10, 3, 3, 2, 8, 8, 6, 3, 4, 11, 3, 3, 8, 3, 1] f(x) = 0.18244841398388684
Best solution in generation 125 is: x = [8, 10, 8, 4, 8, 10, 10, 9, 5, 2, 4, 2, 2, 7, 7, 3, 3, 2, 2, 4, 2, 4, 5, 4, 5, 6, 5, 2, 7, 7, 3, 3, 3, 7, 10, 4, 2, 7, 7, 1, 2, 2, 4, 4, 7, 5, 2, 2, 5, 9, 9, 9, 2, 5, 3, 4, 4, 4, 9, 11, 8, 11, 8, 8, 9, 9, 3, 9, 10, 9, 10, 3, 3, 3, 3, 3, 3, 3, 3, 3, 3, 3, 3, 3, 3, 9, 3, 3, 3, 6, 10, 3, 3, 2, 8, 9, 6, 3, 4, 8, 3, 3, 8, 7, 1] f(x) = 0.18259495786220914
Best solution in generation 126 is: x = [8, 10, 6, 4, 8, 10, 10, 9, 5, 2, 4, 2, 2, 7, 7, 3, 5, 2, 2, 4, 2, 4, 5, 4, 2, 6, 5, 2, 7, 7, 3, 3, 7, 7, 10, 4, 2, 7, 7, 4, 2, 2, 4, 4, 7, 5, 2, 2, 5, 9, 9, 9, 8, 5, 9, 4, 4, 4, 9, 11, 8, 11, 8, 8, 9, 9, 3, 9, 8, 9, 10, 3, 3, 3, 3, 3, 3, 3, 3, 3, 3, 3, 3, 3, 3, 9, 3, 3, 3, 6, 10, 3, 3, 2, 8, 7, 6, 3, 4, 8, 3, 4, 8, 7, 1] f(x) = 0.18266951527398714
Best solution in generation 127 is: x = [8, 10, 8, 4, 8, 10, 10, 9, 5, 2, 4, 2, 2, 7, 7, 4, 5, 2, 2, 4, 2, 4, 5, 4, 5, 6, 5, 2, 7, 7, 3, 3, 3, 7, 8, 4, 2, 7, 7, 4, 2, 2, 4, 4, 7, 5, 2, 2, 5, 9, 9, 9, 2, 5, 3, 4, 4, 4, 9, 11, 2, 11, 8, 8, 9, 9, 3, 9, 8, 9, 10, 3, 3, 3, 3, 3, 3, 3, 3, 3, 3, 3, 3, 3, 3, 9, 3, 3, 3, 6, 10, 3, 3, 2, 8, 8, 6, 3, 4, 11, 3, 3, 8, 3, 1] f(x) = 0.18514790647929777
Best solution in generation 128 is: x = [8, 10, 8, 4, 8, 10, 10, 9, 5, 2, 4, 2, 2, 7, 7, 4, 5, 2, 2, 4, 2, 4, 1, 4, 5, 6, 5, 2, 7, 7, 3, 3, 3, 7, 8, 4, 2, 7, 7, 4, 2, 2, 4, 4, 7, 5, 2, 2, 5, 9, 9, 9, 2, 5, 3, 4, 4, 4, 9, 11, 8, 11, 8, 8, 9, 9, 3, 9, 8, 9, 10, 3, 3, 3, 3, 3, 3, 3, 3, 3, 3, 3, 3, 3, 3, 9, 3, 3, 3, 6, 10, 3, 3, 2, 8, 8, 6, 3, 4, 11, 3, 3, 8, 3, 1] f(x) = 0.18715067281636924
Best solution in generation 129 is: x = [8, 10, 8, 4, 8, 10, 10, 9, 5, 2, 4, 2, 2, 7, 7, 4, 5, 2, 2, 4, 2, 4, 1, 4, 5, 6, 5, 2, 7, 7, 3, 3, 3, 7, 8, 4, 2, 7, 7, 4, 2, 2, 4, 4, 7, 5, 2, 2, 5, 9, 9, 9, 2, 5, 3, 4, 4, 4, 9, 11, 8, 11, 8, 8, 9, 9, 3, 9, 8, 9, 10, 3, 3, 3, 3, 3, 3, 3, 3, 3, 3, 3, 3, 3, 3, 9, 3, 3, 3, 6, 10, 3, 3, 2, 8, 8, 6, 3, 4, 11, 3, 3, 8, 3, 1] f(x) = 0.18715067281636924
Best solution in generation 130 is: x = [8, 10, 8, 4, 8, 10, 10, 9, 5, 2, 4, 2, 2, 7, 7, 4, 5, 2, 2, 4, 2, 4, 1, 4, 5, 6, 5, 2, 7, 7, 3, 3, 3, 7, 8, 4, 2, 7, 7, 4, 2, 2, 4, 4, 7, 5, 2, 2, 5, 9, 9, 9, 2, 5, 3, 4, 4, 4, 9, 11, 8, 11, 8, 8, 9, 9, 3, 9, 8, 9, 10, 3, 3, 3, 3, 3, 3, 3, 3, 3, 3, 3, 3, 3, 3, 9, 3, 3, 3, 6, 10, 3, 3, 2, 8, 8, 6, 3, 4, 11, 3, 3, 8, 3, 1] f(x) = 0.18715067281636924
Best solution in generation 131 is: x = [8, 10, 8, 4, 8, 10, 10, 9, 5, 2, 4, 2, 2, 7, 7, 4, 5, 2, 2, 4, 2, 4, 1, 4, 5, 6, 5, 2, 7, 7, 3, 3, 3, 7, 8, 4, 2, 7, 7, 4, 2, 2, 4, 4, 7, 5, 2, 2, 5, 9, 9, 9, 2, 5, 3, 4, 4, 4, 9, 11, 8, 11, 8, 8, 9, 9, 3, 9, 8, 9, 10, 3, 3, 3, 3, 3, 3, 3, 3, 3, 3, 3, 3, 3, 3, 9, 3, 3, 3, 6, 10, 3, 3, 2, 8, 8, 6, 3, 4, 11, 3, 3, 8, 3, 1] f(x) = 0.18715067281636924
Best solution in generation 132 is: x = [8, 10, 6, 4, 8, 10, 10, 9, 5, 2, 4, 2, 2, 7, 7, 3, 5, 2, 2, 4, 2, 4, 5, 2, 2, 6, 5, 2, 7, 7, 3, 3, 7, 7, 10, 4, 2, 10, 7, 4, 2, 2, 3, 4, 7, 5, 2, 2, 5, 9, 9, 9, 8, 5, 9, 4, 4, 4, 9, 11, 8, 11, 8, 8, 9, 9, 3, 9, 8, 9, 3, 3, 3, 3, 3, 3, 3, 3, 3, 3, 3, 3, 3, 3, 3, 9, 3, 3, 3, 6, 10, 3, 3, 2, 8, 8, 6, 3, 4, 3, 3, 3, 8, 7, 1] f(x) = 0.19150071215183145
Best solution in generation 133 is: x = [8, 10, 6, 4, 8, 10, 10, 9, 5, 2, 4, 2, 2, 7, 7, 3, 5, 2, 2, 4, 2, 4, 5, 2, 2, 6, 5, 2, 7, 7, 3, 3, 7, 7, 10, 4, 2, 10, 7, 4, 2, 2, 3, 4, 7, 5, 2, 2, 5, 9, 9, 9, 8, 5, 9, 4, 4, 4, 9, 11, 8, 11, 8, 8, 9, 9, 3, 9, 8, 9, 3, 3, 3, 3, 3, 3, 3, 3, 3, 3, 3, 3, 3, 3, 3, 9, 3, 3, 3, 6, 10, 3, 3, 2, 8, 8, 6, 3, 4, 3, 3, 3, 8, 7, 1] f(x) = 0.19150071215183145
Best solution in generation 134 is: x = [8, 10, 6, 4, 8, 10, 10, 9, 5, 2, 4, 2, 2, 7, 7, 3, 5, 2, 2, 4, 2, 4, 5, 2, 2, 6, 5, 2, 7, 7, 3, 3, 7, 7, 10, 4, 2, 10, 7, 4, 2, 2, 3, 4, 7, 5, 2, 2, 5, 9, 9, 9, 8, 5, 9, 4, 4, 4, 9, 11, 8, 11, 8, 8, 9, 9, 3, 9, 8, 9, 3, 3, 3, 3, 3, 3, 3, 3, 3, 3, 3, 3, 3, 3, 3, 9, 3, 3, 3, 6, 10, 3, 3, 2, 8, 8, 6, 3, 4, 3, 3, 3, 8, 7, 1] f(x) = 0.19150071215183145
Best solution in generation 135 is: x = [8, 10, 6, 4, 8, 10, 10, 9, 5, 2, 4, 2, 2, 7, 7, 3, 5, 2, 2, 4, 2, 4, 5, 2, 2, 6, 5, 2, 7, 7, 3, 3, 7, 7, 10, 4, 2, 10, 7, 4, 2, 2, 3, 4, 7, 5, 2, 2, 5, 9, 9, 9, 8, 5, 9, 4, 4, 4, 9, 11, 8, 11, 8, 8, 9, 9, 3, 9, 8, 9, 3, 3, 3, 3, 3, 3, 3, 3, 3, 3, 3, 3, 3, 3, 3, 9, 3, 3, 3, 6, 10, 3, 3, 2, 8, 8, 6, 3, 4, 3, 3, 3, 8, 7, 1] f(x) = 0.19150071215183145
Best solution in generation 136 is: x = [8, 10, 6, 4, 8, 10, 10, 9, 5, 2, 4, 2, 2, 7, 7, 3, 5, 2, 2, 4, 2, 4, 5, 2, 2, 1, 5, 2, 7, 7, 3, 3, 7, 7, 10, 4, 2, 10, 7, 4, 2, 2, 3, 4, 7, 5, 2, 2, 5, 9, 9, 9, 8, 5, 9, 4, 4, 4, 9, 11, 8, 11, 8, 8, 9, 9, 3, 9, 8, 9, 3, 3, 3, 3, 3, 3, 3, 3, 3, 3, 3, 3, 3, 3, 3, 9, 3, 3, 3, 6, 10, 3, 3, 2, 8, 8, 6, 3, 4, 3, 3, 3, 8, 7, 1] f(x) = 0.19151356687800006
Best solution in generation 137 is: x = [8, 10, 6, 4, 8, 10, 10, 9, 5, 2, 4, 2, 2, 7, 7, 3, 5, 2, 2, 4, 2, 4, 5, 2, 2, 6, 5, 2, 7, 7, 3, 3, 7, 2, 10, 4, 2, 10, 7, 4, 2, 2, 3, 4, 7, 4, 2, 2, 5, 9, 9, 9, 8, 5, 9, 4, 4, 4, 9, 11, 8, 11, 8, 8, 9, 9, 3, 9, 8, 9, 3, 3, 3, 3, 3, 3, 3, 3, 3, 3, 3, 3, 3, 3, 3, 9, 3, 3, 3, 6, 10, 3, 3, 3, 8, 8, 6, 3, 4, 3, 3, 3, 8, 7, 1] f(x) = 0.1947838092152979
Best solution in generation 138 is: x = [8, 10, 6, 4, 8, 10, 10, 9, 5, 2, 4, 2, 2, 7, 7, 3, 5, 2, 2, 4, 2, 4, 5, 2, 2, 6, 5, 2, 7, 7, 3, 3, 7, 2, 10, 4, 2, 10, 7, 4, 2, 2, 3, 4, 7, 4, 2, 2, 5, 9, 9, 9, 8, 5, 9, 4, 4, 4, 9, 11, 8, 11, 8, 8, 9, 9, 3, 9, 8, 9, 3, 3, 3, 3, 3, 3, 3, 3, 3, 3, 3, 3, 3, 3, 3, 9, 3, 3, 3, 6, 10, 3, 3, 3, 8, 8, 6, 3, 4, 3, 3, 3, 8, 7, 1] f(x) = 0.1947838092152979
Best solution in generation 139 is: x = [6, 10, 6, 4, 8, 10, 10, 9, 5, 2, 4, 2, 2, 7, 7, 3, 5, 2, 2, 4, 2, 4, 5, 2, 2, 1, 5, 2, 7, 7, 3, 3, 7, 7, 10, 4, 2, 10, 7, 4, 2, 2, 4, 4, 7, 5, 2, 2, 5, 9, 9, 9, 8, 5, 9, 4, 4, 4, 9, 11, 8, 11, 8, 8, 9, 9, 3, 9, 8, 9, 3, 3, 3, 3, 3, 3, 3, 3, 3, 3, 3, 3, 3, 3, 3, 9, 3, 3, 3, 6, 10, 3, 3, 2, 8, 8, 6, 3, 3, 3, 3, 3, 8, 7, 1] f(x) = 0.20000796993022624
Best solution in generation 140 is: x = [6, 10, 6, 4, 8, 10, 10, 9, 5, 2, 4, 2, 2, 7, 7, 3, 5, 2, 2, 4, 2, 4, 5, 2, 2, 1, 5, 2, 7, 7, 3, 3, 7, 7, 10, 4, 2, 10, 7, 4, 2, 2, 4, 4, 7, 5, 2, 2, 5, 9, 9, 9, 8, 5, 9, 4, 4, 4, 9, 11, 8, 11, 8, 8, 9, 9, 3, 9, 8, 9, 3, 3, 3, 3, 3, 3, 3, 3, 3, 3, 3, 3, 3, 3, 3, 9, 3, 3, 3, 6, 10, 3, 3, 2, 8, 8, 6, 3, 3, 3, 3, 3, 8, 7, 1] f(x) = 0.20000796993022624
Best solution in generation 141 is: x = [6, 10, 6, 4, 8, 10, 10, 9, 5, 2, 4, 2, 2, 7, 7, 3, 5, 2, 2, 4, 2, 4, 5, 2, 2, 1, 5, 2, 7, 7, 3, 3, 7, 7, 10, 4, 2, 10, 7, 4, 2, 2, 4, 4, 7, 5, 2, 2, 5, 9, 9, 9, 8, 5, 9, 4, 4, 4, 9, 11, 8, 11, 8, 8, 9, 9, 3, 9, 8, 9, 3, 3, 3, 3, 3, 3, 3, 3, 3, 3, 3, 3, 3, 3, 3, 9, 3, 3, 3, 6, 10, 3, 3, 2, 8, 8, 6, 3, 3, 3, 3, 3, 8, 7, 1] f(x) = 0.20000796993022624
Best solution in generation 142 is: x = [6, 10, 6, 4, 8, 10, 10, 9, 5, 2, 4, 2, 2, 7, 7, 3, 5, 2, 2, 4, 2, 4, 5, 2, 2, 1, 5, 2, 7, 7, 3, 3, 7, 7, 10, 4, 2, 10, 7, 4, 2, 2, 4, 4, 7, 5, 2, 2, 5, 9, 9, 9, 8, 5, 9, 4, 4, 4, 9, 11, 8, 11, 8, 8, 9, 9, 3, 9, 8, 9, 3, 3, 3, 3, 3, 3, 3, 3, 3, 3, 3, 3, 3, 3, 3, 9, 3, 3, 3, 6, 10, 3, 3, 2, 8, 8, 6, 3, 3, 3, 3, 3, 8, 7, 1] f(x) = 0.20000796993022624
Best solution in generation 143 is: x = [6, 10, 6, 4, 8, 10, 10, 9, 5, 2, 4, 2, 2, 7, 7, 3, 5, 2, 2, 4, 2, 4, 5, 2, 2, 1, 5, 2, 7, 7, 3, 3, 7, 7, 10, 4, 2, 10, 7, 4, 2, 2, 4, 4, 7, 5, 2, 2, 5, 9, 9, 9, 8, 5, 9, 4, 4, 4, 9, 11, 8, 11, 8, 8, 9, 9, 3, 9, 8, 9, 3, 3, 3, 3, 3, 3, 3, 3, 3, 3, 3, 3, 3, 3, 3, 9, 3, 3, 3, 6, 10, 3, 3, 2, 8, 8, 6, 3, 3, 3, 3, 3, 8, 7, 1] f(x) = 0.20000796993022624
Best solution in generation 144 is: x = [6, 10, 6, 4, 8, 10, 10, 9, 5, 2, 4, 2, 2, 7, 7, 3, 5, 2, 2, 4, 2, 4, 5, 2, 2, 1, 5, 2, 7, 7, 3, 3, 7, 7, 10, 4, 2, 10, 7, 4, 2, 2, 4, 4, 7, 5, 2, 2, 5, 9, 9, 9, 8, 5, 9, 4, 4, 4, 9, 11, 8, 11, 8, 8, 9, 9, 3, 9, 8, 9, 3, 3, 3, 3, 3, 3, 3, 3, 3, 3, 3, 3, 3, 3, 3, 9, 3, 3, 3, 6, 10, 3, 3, 2, 8, 8, 6, 3, 3, 3, 3, 3, 8, 7, 1] f(x) = 0.20000796993022624
Best solution in generation 145 is: x = [6, 10, 6, 4, 8, 10, 10, 9, 5, 2, 4, 2, 2, 7, 7, 3, 5, 2, 2, 4, 2, 4, 5, 2, 2, 1, 5, 2, 7, 7, 3, 3, 7, 7, 10, 4, 2, 10, 7, 4, 2, 2, 4, 4, 7, 5, 2, 2, 5, 9, 9, 9, 8, 5, 9, 4, 4, 4, 9, 11, 8, 11, 8, 8, 9, 9, 3, 9, 8, 9, 3, 3, 3, 3, 3, 3, 3, 3, 3, 3, 3, 3, 3, 3, 3, 9, 3, 3, 3, 6, 10, 3, 3, 2, 8, 8, 6, 3, 3, 3, 3, 3, 8, 7, 1] f(x) = 0.20000796993022624
Best solution in generation 146 is: x = [6, 10, 6, 4, 8, 10, 10, 9, 5, 2, 4, 2, 2, 7, 7, 3, 5, 2, 2, 5, 2, 4, 5, 2, 2, 1, 5, 2, 7, 7, 3, 3, 7, 7, 10, 4, 2, 10, 7, 4, 2, 2, 4, 4, 7, 5, 2, 2, 5, 9, 9, 9, 8, 5, 9, 4, 4, 4, 9, 11, 8, 11, 8, 8, 9, 9, 3, 9, 8, 9, 3, 3, 3, 3, 3, 3, 3, 3, 3, 3, 3, 3, 3, 3, 3, 9, 3, 3, 3, 6, 10, 3, 3, 3, 8, 8, 6, 3, 3, 3, 3, 3, 8, 10, 1] f(x) = 0.20068412852669595
Best solution in generation 147 is: x = [6, 10, 6, 4, 8, 10, 10, 9, 5, 2, 4, 2, 2, 7, 7, 3, 5, 2, 2, 5, 2, 4, 5, 2, 2, 1, 5, 2, 7, 7, 3, 3, 7, 7, 10, 4, 2, 10, 7, 4, 2, 2, 4, 4, 7, 5, 2, 2, 5, 9, 9, 9, 8, 5, 9, 4, 4, 4, 9, 11, 8, 11, 8, 8, 9, 9, 3, 9, 8, 9, 3, 3, 3, 3, 3, 3, 3, 3, 3, 3, 3, 3, 3, 3, 3, 9, 3, 3, 3, 6, 10, 3, 3, 3, 8, 8, 6, 3, 3, 3, 3, 3, 8, 10, 1] f(x) = 0.20068412852669595
Best solution in generation 148 is: x = [6, 10, 6, 4, 8, 10, 10, 9, 5, 2, 4, 2, 2, 7, 7, 3, 5, 2, 2, 5, 2, 4, 5, 2, 2, 1, 5, 2, 7, 7, 3, 3, 7, 7, 10, 4, 2, 10, 7, 4, 2, 2, 4, 4, 7, 5, 2, 2, 5, 9, 9, 9, 8, 5, 9, 4, 4, 4, 9, 11, 8, 11, 8, 8, 9, 9, 3, 9, 8, 9, 3, 3, 3, 3, 3, 3, 3, 3, 3, 3, 3, 3, 3, 3, 3, 9, 3, 3, 3, 6, 10, 3, 3, 3, 8, 8, 6, 3, 3, 3, 3, 3, 8, 10, 1] f(x) = 0.20068412852669595
Best solution in generation 149 is: x = [6, 10, 6, 2, 8, 10, 10, 9, 6, 2, 4, 2, 2, 7, 7, 3, 5, 2, 2, 4, 2, 2, 5, 2, 2, 1, 5, 2, 7, 7, 3, 3, 7, 7, 11, 4, 2, 10, 7, 4, 2, 2, 4, 4, 7, 5, 2, 2, 4, 9, 9, 9, 8, 5, 9, 4, 4, 4, 9, 11, 8, 11, 8, 8, 9, 9, 3, 9, 8, 9, 3, 3, 3, 3, 3, 3, 3, 3, 3, 3, 3, 3, 3, 3, 3, 9, 3, 3, 3, 6, 10, 3, 3, 2, 8, 8, 6, 3, 3, 3, 3, 3, 8, 7, 1] f(x) = 0.2025146415331078
Best solution in generation 150 is: x = [6, 10, 6, 2, 8, 10, 10, 9, 6, 2, 4, 2, 2, 7, 7, 3, 5, 2, 2, 4, 2, 2, 5, 2, 2, 1, 5, 2, 7, 7, 3, 3, 7, 7, 11, 4, 2, 10, 7, 4, 2, 2, 4, 4, 7, 5, 2, 2, 4, 9, 9, 9, 8, 5, 9, 4, 4, 4, 9, 11, 8, 11, 8, 8, 9, 9, 3, 9, 8, 9, 3, 3, 3, 3, 3, 3, 3, 3, 3, 3, 3, 3, 3, 3, 3, 9, 3, 3, 3, 6, 10, 3, 3, 2, 8, 8, 6, 3, 3, 3, 3, 3, 8, 7, 1] f(x) = 0.2025146415331078
Best solution in generation 151 is: x = [6, 10, 6, 2, 8, 10, 10, 9, 6, 2, 4, 2, 2, 7, 7, 3, 5, 2, 2, 4, 2, 2, 5, 2, 2, 1, 5, 2, 7, 7, 3, 3, 7, 7, 11, 4, 2, 10, 7, 4, 2, 2, 4, 4, 7, 5, 2, 2, 4, 9, 9, 9, 8, 5, 9, 4, 4, 4, 9, 11, 8, 11, 8, 8, 9, 9, 3, 9, 8, 9, 3, 3, 3, 3, 3, 3, 3, 3, 3, 3, 3, 3, 3, 3, 3, 9, 3, 3, 3, 6, 10, 3, 3, 2, 8, 8, 6, 3, 3, 3, 3, 3, 8, 7, 1] f(x) = 0.2025146415331078
Best solution in generation 152 is: x = [6, 10, 6, 2, 8, 10, 10, 9, 6, 2, 4, 2, 2, 7, 7, 3, 5, 2, 2, 4, 2, 2, 5, 2, 2, 1, 5, 2, 7, 7, 3, 3, 7, 7, 11, 4, 2, 10, 7, 4, 2, 2, 4, 4, 7, 5, 2, 2, 4, 9, 9, 9, 8, 5, 9, 4, 4, 4, 9, 11, 8, 11, 8, 8, 9, 9, 3, 9, 8, 9, 3, 3, 3, 3, 3, 3, 3, 3, 3, 3, 3, 3, 3, 3, 3, 9, 3, 3, 3, 6, 10, 3, 3, 2, 8, 8, 6, 3, 3, 3, 3, 3, 8, 7, 1] f(x) = 0.2025146415331078
Best solution in generation 153 is: x = [6, 10, 6, 2, 8, 10, 10, 9, 6, 2, 4, 2, 2, 7, 7, 3, 5, 2, 2, 4, 2, 2, 5, 2, 2, 1, 5, 2, 7, 7, 3, 3, 7, 7, 11, 4, 2, 10, 7, 4, 2, 2, 4, 4, 7, 5, 2, 2, 4, 9, 9, 9, 8, 5, 9, 4, 4, 4, 9, 11, 8, 11, 8, 8, 9, 9, 3, 9, 8, 9, 3, 3, 3, 3, 3, 3, 3, 3, 3, 3, 3, 3, 3, 3, 3, 9, 3, 3, 3, 6, 10, 3, 3, 2, 8, 8, 6, 3, 3, 3, 3, 3, 8, 7, 1] f(x) = 0.2025146415331078
Best solution in generation 154 is: x = [6, 10, 6, 2, 8, 10, 10, 9, 6, 2, 4, 2, 2, 7, 7, 3, 5, 2, 2, 4, 2, 2, 5, 2, 2, 1, 5, 2, 7, 7, 3, 3, 7, 7, 11, 4, 2, 10, 7, 4, 2, 2, 4, 4, 7, 5, 2, 2, 4, 9, 9, 9, 5, 5, 9, 4, 4, 4, 9, 11, 8, 11, 8, 8, 9, 9, 3, 9, 8, 9, 3, 3, 3, 3, 3, 3, 3, 3, 3, 3, 3, 3, 3, 3, 3, 9, 3, 3, 3, 6, 10, 3, 3, 2, 8, 8, 6, 3, 3, 3, 3, 3, 8, 7, 1] f(x) = 0.20371527295725725
Best solution in generation 155 is: x = [6, 10, 6, 2, 8, 10, 10, 9, 6, 2, 4, 2, 2, 7, 7, 3, 5, 2, 2, 4, 2, 2, 5, 2, 2, 1, 5, 2, 7, 7, 3, 3, 7, 7, 11, 4, 2, 10, 7, 4, 2, 2, 4, 4, 7, 5, 2, 2, 4, 9, 9, 9, 5, 5, 9, 4, 4, 4, 9, 11, 8, 11, 8, 8, 9, 9, 3, 9, 8, 9, 3, 3, 3, 3, 3, 3, 3, 3, 3, 3, 3, 3, 3, 3, 3, 9, 3, 3, 3, 6, 10, 3, 3, 2, 8, 8, 6, 3, 3, 3, 3, 3, 8, 7, 1] f(x) = 0.20371527295725725
Best solution in generation 156 is: x = [6, 10, 6, 2, 8, 10, 10, 9, 6, 2, 4, 2, 2, 7, 7, 3, 5, 2, 2, 4, 2, 2, 5, 2, 2, 1, 5, 2, 7, 7, 3, 3, 7, 7, 11, 4, 2, 10, 7, 4, 2, 2, 4, 4, 7, 5, 2, 2, 4, 9, 9, 9, 5, 5, 9, 4, 4, 4, 9, 11, 8, 11, 8, 8, 9, 9, 3, 9, 8, 9, 3, 3, 3, 3, 3, 3, 3, 3, 3, 3, 3, 3, 3, 3, 3, 9, 3, 3, 3, 6, 10, 3, 3, 2, 8, 8, 6, 3, 3, 3, 3, 3, 8, 7, 1] f(x) = 0.20371527295725725
Best solution in generation 157 is: x = [6, 10, 6, 2, 8, 10, 10, 9, 6, 2, 4, 2, 2, 7, 7, 3, 5, 2, 2, 4, 2, 2, 5, 2, 2, 1, 5, 2, 7, 7, 3, 3, 7, 7, 11, 4, 2, 10, 7, 4, 2, 2, 4, 4, 7, 5, 2, 2, 4, 9, 9, 9, 5, 5, 9, 4, 4, 4, 9, 11, 8, 11, 8, 8, 9, 9, 3, 9, 8, 9, 3, 3, 3, 3, 3, 3, 3, 3, 3, 3, 3, 3, 3, 3, 3, 9, 3, 3, 3, 6, 10, 3, 3, 2, 8, 8, 6, 3, 3, 3, 3, 3, 8, 7, 1] f(x) = 0.20371527295725725
Best solution in generation 158 is: x = [6, 10, 6, 2, 8, 10, 10, 9, 6, 2, 4, 2, 2, 7, 7, 3, 5, 2, 2, 4, 2, 2, 1, 2, 2, 1, 5, 2, 7, 7, 3, 3, 7, 7, 11, 4, 2, 10, 7, 4, 2, 2, 4, 4, 7, 5, 2, 2, 4, 9, 9, 9, 5, 5, 9, 4, 4, 4, 9, 11, 8, 11, 8, 8, 9, 9, 3, 9, 8, 9, 3, 3, 3, 3, 3, 3, 3, 3, 3, 3, 3, 3, 3, 3, 3, 9, 3, 3, 3, 6, 10, 3, 3, 2, 8, 8, 6, 3, 3, 3, 3, 3, 8, 7, 1] f(x) = 0.20376926280716545
Best solution in generation 159 is: x = [6, 10, 6, 2, 8, 10, 10, 9, 6, 2, 4, 2, 2, 7, 7, 3, 5, 2, 2, 4, 2, 2, 1, 2, 2, 1, 5, 2, 8, 7, 3, 3, 7, 7, 11, 4, 2, 10, 7, 4, 2, 2, 4, 4, 7, 5, 2, 2, 4, 9, 9, 9, 5, 5, 9, 4, 4, 4, 9, 11, 8, 11, 8, 8, 9, 9, 3, 9, 8, 9, 3, 3, 3, 3, 3, 3, 3, 3, 3, 3, 3, 3, 3, 3, 3, 9, 3, 3, 3, 6, 10, 3, 3, 2, 8, 8, 6, 3, 3, 3, 3, 3, 8, 7, 1] f(x) = 0.2048876239838357
Best solution in generation 160 is: x = [6, 10, 6, 4, 8, 10, 10, 9, 5, 2, 4, 2, 2, 8, 9, 3, 2, 2, 2, 4, 2, 4, 5, 2, 2, 1, 2, 2, 7, 7, 3, 3, 7, 7, 10, 4, 2, 10, 7, 4, 2, 2, 4, 4, 2, 5, 2, 2, 5, 9, 9, 9, 8, 5, 9, 4, 4, 5, 9, 11, 8, 11, 8, 8, 9, 9, 3, 9, 9, 9, 3, 3, 3, 3, 3, 3, 3, 3, 3, 3, 3, 3, 3, 3, 3, 9, 3, 3, 3, 7, 10, 3, 3, 3, 8, 8, 6, 3, 3, 3, 3, 3, 8, 1, 3] f(x) = 0.2098186969421197
Best solution in generation 161 is: x = [6, 10, 6, 4, 8, 10, 10, 9, 5, 2, 4, 2, 2, 8, 9, 3, 2, 2, 2, 4, 2, 4, 5, 2, 2, 1, 2, 2, 7, 7, 3, 3, 7, 7, 10, 4, 2, 10, 7, 4, 2, 2, 4, 4, 2, 5, 2, 2, 5, 9, 9, 9, 8, 5, 9, 4, 4, 5, 9, 11, 8, 11, 8, 8, 9, 9, 3, 9, 9, 9, 3, 3, 3, 3, 3, 3, 3, 3, 3, 3, 3, 3, 3, 3, 3, 9, 3, 3, 3, 7, 10, 3, 3, 3, 8, 8, 6, 3, 3, 3, 3, 3, 8, 1, 3] f(x) = 0.2098186969421197
Best solution in generation 162 is: x = [6, 10, 6, 4, 8, 10, 5, 9, 5, 2, 4, 2, 2, 8, 9, 3, 2, 2, 2, 4, 2, 4, 5, 2, 2, 1, 2, 2, 7, 7, 3, 3, 7, 7, 10, 4, 2, 10, 7, 4, 2, 2, 4, 4, 2, 5, 2, 2, 5, 9, 9, 9, 9, 5, 9, 4, 4, 5, 9, 11, 8, 11, 8, 8, 9, 9, 3, 9, 9, 9, 3, 3, 3, 3, 3, 3, 3, 3, 3, 3, 3, 3, 3, 3, 3, 9, 3, 3, 3, 7, 10, 3, 3, 3, 8, 8, 6, 3, 3, 3, 3, 3, 8, 1, 3] f(x) = 0.21173919303171196
Best solution in generation 163 is: x = [6, 10, 6, 4, 8, 10, 5, 9, 5, 2, 4, 2, 2, 8, 9, 3, 2, 2, 2, 4, 2, 4, 5, 2, 2, 1, 2, 2, 7, 7, 3, 3, 7, 7, 10, 4, 2, 10, 7, 4, 2, 2, 4, 4, 2, 5, 2, 2, 5, 9, 9, 9, 9, 5, 9, 4, 4, 5, 9, 11, 8, 11, 8, 8, 9, 9, 3, 9, 9, 9, 3, 3, 3, 3, 3, 3, 3, 3, 3, 3, 3, 3, 3, 3, 3, 9, 3, 3, 3, 7, 10, 3, 3, 3, 8, 8, 6, 3, 3, 3, 3, 3, 8, 1, 3] f(x) = 0.21173919303171196
Best solution in generation 164 is: x = [6, 10, 6, 4, 5, 10, 5, 9, 5, 2, 4, 2, 2, 8, 9, 3, 2, 2, 4, 4, 2, 4, 5, 2, 2, 1, 2, 2, 7, 7, 3, 3, 7, 7, 10, 4, 2, 10, 7, 4, 2, 2, 4, 4, 2, 5, 2, 2, 5, 9, 9, 9, 9, 5, 9, 4, 4, 4, 9, 11, 8, 11, 8, 8, 9, 9, 3, 9, 9, 9, 3, 3, 3, 3, 3, 3, 3, 3, 3, 3, 3, 3, 3, 3, 3, 9, 3, 3, 3, 7, 10, 3, 3, 3, 8, 8, 6, 3, 3, 3, 3, 3, 8, 1, 3] f(x) = 0.21265702048015167
Best solution in generation 165 is: x = [6, 10, 6, 4, 5, 10, 5, 9, 5, 2, 4, 2, 2, 8, 9, 3, 2, 2, 4, 4, 2, 4, 5, 2, 2, 1, 2, 2, 7, 7, 3, 3, 7, 7, 10, 4, 2, 10, 7, 4, 2, 2, 4, 4, 2, 5, 2, 2, 5, 9, 9, 9, 9, 5, 9, 4, 4, 4, 9, 11, 8, 11, 8, 8, 9, 9, 3, 9, 9, 9, 3, 3, 3, 3, 3, 3, 3, 3, 3, 3, 3, 3, 3, 3, 3, 9, 3, 3, 3, 7, 10, 3, 3, 3, 8, 8, 6, 3, 3, 3, 3, 3, 8, 1, 3] f(x) = 0.21265702048015167
Best solution in generation 166 is: x = [6, 10, 6, 4, 5, 10, 5, 9, 5, 2, 4, 2, 2, 8, 9, 3, 2, 2, 4, 4, 2, 4, 5, 2, 2, 1, 2, 2, 7, 7, 3, 3, 7, 7, 10, 4, 2, 10, 7, 4, 2, 2, 4, 4, 2, 5, 2, 2, 5, 9, 9, 9, 9, 5, 9, 4, 4, 4, 9, 11, 8, 11, 8, 8, 9, 9, 3, 9, 9, 9, 3, 3, 3, 3, 3, 3, 3, 3, 3, 3, 3, 3, 3, 3, 3, 9, 3, 3, 3, 7, 10, 3, 3, 3, 8, 8, 6, 3, 3, 3, 3, 3, 8, 1, 3] f(x) = 0.21265702048015167
Best solution in generation 167 is: x = [6, 10, 6, 4, 5, 10, 5, 9, 5, 2, 4, 2, 2, 8, 9, 3, 2, 2, 4, 4, 2, 4, 5, 2, 2, 1, 2, 2, 7, 7, 3, 3, 7, 7, 10, 4, 2, 10, 7, 4, 2, 2, 4, 4, 2, 5, 2, 2, 5, 9, 9, 9, 9, 5, 9, 4, 4, 4, 9, 11, 8, 11, 8, 8, 9, 9, 3, 9, 9, 9, 3, 3, 3, 3, 3, 3, 3, 3, 3, 3, 3, 3, 3, 3, 3, 9, 3, 3, 3, 7, 10, 3, 3, 3, 8, 8, 6, 3, 3, 3, 3, 3, 8, 1, 3] f(x) = 0.21265702048015167
Best solution in generation 168 is: x = [6, 10, 6, 2, 8, 10, 10, 9, 6, 2, 4, 2, 2, 7, 9, 3, 2, 2, 2, 4, 2, 2, 1, 2, 2, 1, 5, 2, 10, 7, 3, 3, 7, 7, 11, 4, 2, 10, 7, 4, 2, 2, 4, 4, 7, 11, 2, 2, 4, 9, 9, 9, 5, 5, 9, 4, 4, 4, 9, 11, 8, 8, 8, 8, 9, 9, 3, 9, 9, 9, 3, 3, 3, 3, 3, 3, 3, 3, 3, 3, 3, 3, 3, 3, 3, 9, 3, 3, 3, 6, 10, 3, 3, 3, 8, 8, 6, 3, 3, 3, 3, 3, 8, 7, 1] f(x) = 0.21447210781516138
Best solution in generation 169 is: x = [6, 10, 6, 2, 8, 10, 10, 9, 6, 2, 4, 2, 2, 7, 9, 3, 2, 2, 2, 4, 2, 2, 1, 2, 2, 1, 5, 2, 10, 7, 3, 3, 7, 7, 11, 4, 2, 10, 7, 4, 2, 2, 4, 4, 7, 11, 2, 2, 4, 9, 9, 9, 5, 5, 9, 4, 4, 4, 9, 11, 8, 8, 8, 8, 9, 9, 3, 9, 9, 9, 3, 3, 3, 3, 3, 3, 3, 3, 3, 3, 3, 3, 3, 3, 3, 9, 3, 3, 3, 6, 10, 3, 3, 3, 8, 8, 6, 3, 3, 3, 3, 3, 8, 7, 1] f(x) = 0.21447210781516138
Best solution in generation 170 is: x = [6, 10, 6, 2, 8, 10, 10, 9, 6, 2, 4, 2, 2, 7, 9, 3, 2, 2, 2, 4, 2, 2, 1, 2, 2, 1, 2, 2, 10, 7, 3, 3, 7, 7, 11, 4, 2, 10, 7, 4, 2, 2, 4, 4, 7, 11, 2, 2, 6, 9, 9, 9, 5, 5, 9, 4, 4, 4, 9, 11, 8, 8, 8, 8, 9, 9, 3, 9, 9, 9, 3, 3, 3, 3, 3, 3, 3, 3, 3, 3, 3, 3, 3, 3, 3, 9, 3, 3, 3, 6, 10, 3, 3, 3, 8, 8, 6, 3, 3, 3, 3, 3, 8, 7, 1] f(x) = 0.21680909703261708
Best solution in generation 171 is: x = [6, 10, 6, 2, 8, 10, 10, 9, 6, 2, 4, 2, 2, 7, 9, 3, 2, 2, 2, 4, 2, 2, 1, 2, 2, 1, 2, 2, 10, 7, 3, 3, 7, 7, 11, 4, 2, 10, 7, 4, 2, 2, 4, 4, 7, 11, 2, 2, 6, 9, 9, 9, 5, 5, 9, 4, 4, 4, 9, 11, 8, 8, 8, 8, 9, 9, 3, 9, 9, 9, 3, 3, 3, 3, 3, 3, 3, 3, 3, 3, 3, 3, 3, 3, 3, 9, 3, 3, 3, 6, 10, 3, 3, 3, 8, 8, 6, 3, 3, 3, 3, 3, 8, 7, 1] f(x) = 0.21680909703261708
Best solution in generation 172 is: x = [6, 10, 6, 2, 8, 10, 10, 9, 6, 2, 4, 2, 2, 7, 9, 3, 2, 2, 2, 4, 2, 2, 1, 2, 2, 1, 2, 2, 10, 7, 3, 3, 7, 7, 11, 4, 2, 10, 7, 4, 2, 2, 4, 4, 7, 11, 2, 2, 6, 9, 9, 9, 5, 5, 9, 4, 4, 4, 9, 11, 8, 8, 8, 8, 9, 9, 3, 9, 9, 9, 3, 3, 3, 3, 3, 3, 3, 3, 3, 3, 3, 3, 3, 3, 3, 9, 3, 3, 3, 6, 10, 3, 3, 3, 8, 8, 6, 3, 3, 3, 3, 3, 8, 7, 1] f(x) = 0.21680909703261708
Best solution in generation 173 is: x = [6, 10, 6, 2, 8, 10, 10, 9, 6, 2, 4, 2, 2, 7, 9, 3, 2, 2, 2, 4, 2, 2, 1, 2, 2, 1, 2, 2, 10, 7, 3, 3, 7, 7, 11, 4, 2, 10, 7, 4, 2, 2, 4, 4, 7, 11, 2, 2, 6, 9, 9, 9, 5, 5, 9, 4, 4, 4, 9, 11, 8, 8, 8, 8, 9, 9, 3, 9, 9, 9, 3, 3, 3, 3, 3, 3, 3, 3, 3, 3, 3, 3, 3, 3, 3, 9, 3, 3, 3, 6, 10, 3, 3, 3, 8, 8, 6, 3, 3, 3, 3, 3, 8, 7, 1] f(x) = 0.21680909703261708
Best solution in generation 174 is: x = [6, 10, 6, 2, 8, 10, 10, 9, 6, 2, 4, 2, 2, 7, 9, 3, 2, 2, 2, 4, 2, 2, 1, 2, 2, 1, 2, 2, 10, 7, 3, 3, 7, 7, 11, 4, 2, 10, 7, 4, 2, 2, 4, 4, 7, 11, 2, 2, 6, 9, 9, 9, 5, 5, 9, 4, 4, 4, 9, 11, 8, 8, 8, 8, 9, 9, 3, 9, 9, 9, 3, 3, 3, 3, 3, 3, 3, 3, 3, 3, 3, 3, 3, 3, 3, 9, 3, 3, 3, 6, 10, 3, 3, 3, 8, 8, 6, 3, 3, 3, 3, 3, 8, 1, 3] f(x) = 0.21683737743018805
Best solution in generation 175 is: x = [6, 10, 6, 2, 8, 10, 10, 9, 6, 2, 4, 2, 2, 7, 9, 8, 2, 2, 2, 4, 2, 2, 1, 2, 2, 1, 2, 2, 10, 7, 3, 3, 7, 7, 11, 4, 2, 10, 7, 4, 2, 2, 4, 4, 7, 11, 2, 2, 6, 9, 9, 9, 5, 5, 9, 4, 4, 4, 9, 11, 8, 8, 8, 8, 9, 9, 3, 9, 9, 9, 3, 3, 3, 3, 3, 3, 3, 3, 3, 3, 3, 3, 3, 3, 3, 9, 3, 3, 3, 6, 10, 3, 3, 3, 8, 8, 6, 3, 3, 3, 3, 3, 8, 1, 3] f(x) = 0.21750068130048894
Best solution in generation 176 is: x = [6, 10, 6, 2, 8, 10, 10, 9, 6, 2, 4, 2, 2, 7, 9, 8, 2, 2, 2, 4, 2, 2, 1, 2, 2, 1, 2, 2, 10, 7, 3, 3, 7, 7, 11, 4, 2, 10, 7, 4, 2, 2, 4, 4, 7, 11, 2, 2, 6, 9, 9, 9, 5, 5, 9, 4, 4, 4, 9, 11, 8, 8, 8, 8, 9, 9, 3, 9, 9, 9, 3, 3, 3, 3, 3, 3, 3, 3, 3, 3, 3, 3, 3, 3, 3, 9, 3, 3, 3, 6, 10, 3, 3, 3, 8, 8, 6, 3, 3, 3, 3, 3, 8, 1, 3] f(x) = 0.21750068130048894
Best solution in generation 177 is: x = [6, 10, 6, 2, 8, 10, 10, 9, 6, 2, 4, 2, 2, 7, 9, 8, 2, 2, 2, 4, 2, 2, 1, 2, 2, 1, 2, 2, 10, 7, 3, 3, 7, 7, 11, 4, 2, 10, 7, 4, 2, 2, 4, 4, 7, 11, 2, 2, 6, 9, 9, 9, 5, 5, 9, 4, 4, 4, 9, 11, 8, 8, 8, 8, 9, 9, 3, 9, 9, 9, 3, 3, 3, 3, 3, 3, 3, 3, 3, 3, 3, 3, 3, 3, 3, 9, 3, 3, 3, 6, 10, 3, 3, 3, 8, 8, 6, 3, 3, 3, 3, 3, 8, 1, 3] f(x) = 0.21750068130048894
Best solution in generation 178 is: x = [6, 10, 6, 2, 8, 10, 10, 9, 6, 2, 4, 2, 2, 7, 2, 8, 2, 2, 2, 4, 2, 2, 1, 2, 2, 1, 2, 2, 10, 7, 3, 3, 7, 7, 11, 4, 2, 10, 7, 4, 2, 2, 4, 4, 7, 11, 2, 2, 6, 9, 9, 9, 5, 5, 9, 4, 4, 4, 9, 11, 8, 8, 8, 8, 9, 9, 3, 9, 9, 9, 3, 3, 3, 3, 3, 3, 3, 3, 3, 3, 3, 3, 3, 3, 3, 9, 3, 3, 3, 6, 10, 3, 3, 3, 8, 8, 6, 3, 3, 3, 3, 3, 8, 1, 3] f(x) = 0.22034671767422212
Best solution in generation 179 is: x = [6, 10, 6, 2, 8, 10, 10, 9, 6, 2, 4, 2, 2, 7, 2, 8, 2, 2, 2, 4, 2, 2, 1, 2, 2, 1, 2, 2, 10, 7, 3, 3, 7, 7, 11, 4, 2, 10, 7, 4, 2, 2, 4, 4, 7, 11, 2, 2, 6, 9, 9, 9, 5, 5, 9, 4, 4, 4, 9, 11, 8, 8, 8, 8, 9, 9, 3, 9, 9, 9, 3, 3, 3, 3, 3, 3, 3, 3, 3, 3, 3, 3, 3, 3, 3, 9, 3, 3, 3, 6, 10, 3, 3, 3, 8, 8, 6, 3, 3, 3, 3, 3, 8, 1, 3] f(x) = 0.22034671767422212
Best solution in generation 180 is: x = [6, 10, 6, 2, 8, 10, 10, 9, 6, 2, 4, 2, 2, 7, 2, 8, 2, 2, 2, 4, 2, 2, 1, 2, 2, 1, 2, 2, 10, 7, 3, 3, 7, 7, 11, 4, 2, 10, 7, 4, 2, 2, 4, 4, 7, 11, 2, 2, 6, 9, 9, 9, 5, 5, 9, 4, 4, 4, 9, 11, 8, 8, 8, 8, 9, 9, 3, 9, 9, 9, 3, 3, 3, 3, 3, 3, 3, 3, 3, 3, 3, 3, 3, 3, 3, 9, 3, 3, 3, 6, 10, 3, 3, 3, 8, 8, 6, 3, 3, 3, 3, 3, 8, 1, 3] f(x) = 0.22034671767422212
Best solution in generation 181 is: x = [6, 10, 6, 2, 8, 10, 10, 9, 6, 2, 4, 2, 2, 7, 2, 8, 2, 2, 2, 4, 2, 2, 1, 2, 2, 1, 2, 2, 10, 7, 3, 3, 7, 7, 11, 4, 2, 10, 7, 4, 2, 2, 4, 4, 7, 11, 2, 2, 6, 9, 9, 9, 5, 5, 9, 4, 4, 4, 9, 11, 8, 8, 8, 8, 9, 9, 3, 9, 9, 9, 3, 3, 3, 3, 3, 3, 3, 3, 3, 3, 3, 3, 3, 3, 3, 9, 3, 3, 3, 6, 10, 3, 3, 3, 8, 8, 6, 3, 3, 3, 3, 3, 8, 1, 3] f(x) = 0.22034671767422212
Best solution in generation 182 is: x = [6, 10, 6, 2, 8, 10, 10, 9, 6, 2, 4, 2, 2, 7, 2, 8, 2, 2, 2, 4, 2, 2, 1, 2, 2, 1, 2, 2, 10, 7, 3, 3, 7, 7, 11, 4, 2, 10, 7, 4, 2, 2, 4, 4, 7, 11, 2, 2, 6, 9, 9, 9, 5, 5, 9, 4, 4, 4, 9, 11, 8, 8, 8, 8, 9, 9, 3, 9, 9, 9, 3, 3, 3, 3, 3, 3, 3, 3, 3, 3, 3, 3, 3, 3, 3, 9, 3, 3, 3, 6, 10, 3, 3, 3, 8, 8, 6, 3, 3, 3, 3, 3, 8, 1, 3] f(x) = 0.22034671767422212
Best solution in generation 183 is: x = [3, 10, 6, 2, 8, 10, 10, 9, 6, 2, 4, 2, 2, 7, 2, 8, 2, 2, 2, 4, 2, 2, 1, 2, 2, 1, 2, 2, 10, 7, 3, 3, 7, 7, 7, 4, 2, 10, 7, 4, 2, 2, 4, 4, 7, 11, 2, 2, 6, 9, 9, 9, 5, 5, 2, 4, 4, 9, 9, 11, 8, 8, 8, 8, 9, 9, 3, 9, 9, 9, 3, 3, 3, 3, 3, 3, 3, 3, 3, 3, 3, 3, 3, 3, 3, 1, 3, 3, 3, 6, 10, 3, 3, 3, 8, 8, 2, 3, 3, 3, 3, 3, 8, 1, 3] f(x) = 0.2213339606439725
Best solution in generation 184 is: x = [3, 10, 6, 2, 8, 10, 10, 9, 6, 2, 4, 2, 2, 7, 2, 8, 2, 2, 2, 4, 2, 2, 1, 2, 2, 1, 2, 2, 10, 7, 3, 3, 7, 7, 7, 4, 2, 10, 7, 4, 2, 2, 4, 4, 7, 11, 2, 2, 6, 9, 9, 9, 5, 5, 2, 4, 4, 9, 9, 11, 8, 8, 8, 8, 9, 9, 3, 9, 9, 9, 3, 3, 3, 3, 3, 3, 3, 3, 3, 3, 3, 3, 3, 3, 3, 1, 3, 3, 3, 6, 10, 3, 3, 3, 8, 8, 2, 3, 3, 3, 3, 3, 8, 1, 3] f(x) = 0.2213339606439725
Best solution in generation 185 is: x = [6, 10, 6, 2, 8, 10, 10, 9, 2, 2, 4, 2, 2, 7, 2, 8, 2, 2, 2, 4, 2, 2, 1, 2, 2, 1, 2, 2, 10, 7, 3, 3, 7, 7, 11, 4, 2, 10, 7, 4, 2, 2, 4, 4, 7, 3, 2, 2, 6, 9, 9, 9, 5, 5, 9, 9, 4, 4, 9, 11, 8, 8, 8, 8, 9, 9, 3, 9, 9, 9, 3, 3, 3, 3, 3, 3, 3, 3, 3, 3, 3, 3, 3, 3, 3, 9, 3, 3, 3, 6, 10, 3, 3, 3, 8, 8, 6, 3, 3, 3, 3, 3, 8, 1, 3] f(x) = 0.22759935417855942
Best solution in generation 186 is: x = [6, 10, 6, 2, 8, 10, 10, 9, 2, 2, 4, 2, 2, 7, 2, 8, 2, 2, 2, 4, 2, 2, 1, 2, 2, 1, 2, 2, 10, 7, 3, 3, 7, 7, 11, 4, 2, 10, 7, 4, 2, 2, 4, 4, 7, 3, 2, 2, 6, 9, 9, 9, 5, 5, 9, 9, 4, 4, 9, 11, 8, 8, 8, 8, 9, 9, 3, 9, 9, 9, 3, 3, 3, 3, 3, 3, 3, 3, 3, 3, 3, 3, 3, 3, 3, 9, 3, 3, 3, 6, 10, 3, 3, 3, 8, 8, 6, 3, 3, 3, 3, 3, 8, 1, 3] f(x) = 0.22759935417855942
Best solution in generation 187 is: x = [6, 10, 6, 2, 8, 10, 10, 9, 2, 2, 4, 2, 2, 7, 2, 8, 2, 2, 2, 4, 2, 2, 1, 2, 2, 1, 2, 2, 10, 7, 3, 3, 7, 7, 11, 4, 2, 10, 7, 4, 2, 2, 4, 4, 7, 3, 2, 2, 6, 9, 9, 9, 5, 5, 9, 9, 4, 4, 9, 11, 8, 8, 8, 8, 9, 9, 3, 9, 9, 9, 3, 3, 3, 3, 3, 3, 3, 3, 3, 3, 3, 3, 3, 3, 3, 9, 3, 3, 3, 6, 10, 3, 3, 3, 8, 8, 6, 3, 3, 3, 3, 3, 8, 1, 3] f(x) = 0.22759935417855942
Best solution in generation 188 is: x = [6, 10, 6, 2, 8, 10, 10, 9, 2, 2, 4, 2, 2, 7, 2, 8, 2, 2, 2, 4, 2, 2, 1, 2, 2, 1, 2, 2, 10, 7, 3, 3, 7, 7, 11, 4, 2, 10, 7, 4, 2, 2, 4, 4, 7, 3, 2, 2, 6, 9, 9, 9, 5, 5, 9, 9, 4, 4, 9, 11, 8, 8, 8, 8, 9, 9, 3, 9, 9, 9, 3, 3, 3, 3, 3, 3, 3, 3, 3, 3, 3, 3, 3, 3, 3, 9, 3, 3, 3, 6, 10, 3, 3, 3, 8, 8, 6, 3, 3, 3, 3, 3, 8, 1, 3] f(x) = 0.22759935417855942
Best solution in generation 189 is: x = [6, 10, 6, 2, 8, 10, 10, 9, 2, 2, 4, 2, 2, 7, 2, 8, 2, 2, 2, 4, 2, 2, 1, 2, 2, 1, 2, 2, 10, 7, 3, 3, 7, 7, 11, 4, 2, 10, 7, 4, 2, 2, 4, 4, 7, 3, 2, 2, 6, 9, 9, 9, 5, 5, 9, 9, 4, 4, 9, 11, 8, 8, 8, 8, 9, 9, 3, 9, 9, 9, 3, 3, 3, 3, 3, 3, 3, 3, 3, 3, 3, 3, 3, 3, 3, 9, 3, 3, 3, 6, 10, 3, 3, 3, 8, 8, 6, 3, 3, 3, 3, 3, 8, 1, 3] f(x) = 0.22759935417855942
Best solution in generation 190 is: x = [6, 10, 6, 2, 8, 10, 10, 9, 2, 2, 4, 2, 2, 7, 2, 8, 2, 2, 2, 4, 2, 2, 1, 2, 2, 1, 2, 2, 10, 7, 3, 3, 7, 7, 11, 4, 2, 10, 7, 4, 2, 2, 4, 4, 7, 3, 2, 2, 6, 9, 9, 9, 5, 5, 9, 9, 4, 4, 9, 11, 8, 8, 8, 8, 9, 9, 3, 9, 9, 9, 3, 3, 3, 3, 3, 3, 3, 3, 3, 3, 3, 3, 3, 3, 3, 9, 3, 3, 3, 6, 10, 3, 3, 3, 8, 8, 6, 3, 3, 3, 3, 3, 8, 1, 3] f(x) = 0.22759935417855942
Best solution in generation 191 is: x = [6, 10, 6, 2, 8, 10, 10, 9, 2, 2, 4, 2, 2, 7, 2, 8, 2, 2, 2, 4, 2, 2, 1, 2, 2, 1, 2, 2, 10, 7, 3, 3, 7, 7, 11, 4, 2, 1, 7, 4, 2, 2, 4, 4, 7, 3, 2, 2, 6, 9, 9, 9, 5, 5, 9, 9, 4, 4, 9, 11, 8, 8, 8, 8, 9, 9, 3, 9, 9, 9, 3, 3, 3, 3, 3, 3, 3, 3, 3, 3, 3, 3, 3, 3, 3, 9, 3, 3, 3, 6, 10, 3, 3, 3, 8, 8, 6, 3, 3, 3, 3, 3, 8, 1, 3] f(x) = 0.22765591497370136
Best solution in generation 192 is: x = [6, 10, 6, 2, 8, 10, 10, 9, 2, 2, 4, 2, 2, 7, 2, 8, 2, 2, 2, 4, 2, 2, 1, 2, 2, 1, 2, 2, 10, 7, 3, 3, 7, 7, 11, 4, 2, 1, 7, 4, 2, 2, 4, 4, 7, 3, 2, 2, 6, 9, 9, 9, 5, 5, 9, 9, 4, 4, 9, 11, 8, 8, 8, 8, 9, 9, 3, 9, 9, 9, 3, 3, 3, 3, 3, 3, 3, 3, 3, 3, 3, 3, 3, 3, 3, 9, 3, 3, 3, 6, 10, 3, 3, 3, 8, 8, 6, 3, 3, 3, 3, 3, 8, 1, 3] f(x) = 0.22765591497370136
Best solution in generation 193 is: x = [6, 10, 6, 2, 8, 10, 10, 9, 2, 2, 4, 2, 2, 2, 2, 8, 2, 2, 2, 4, 2, 2, 1, 2, 2, 1, 2, 2, 10, 7, 3, 3, 7, 7, 11, 4, 2, 7, 7, 4, 2, 2, 4, 4, 7, 3, 2, 2, 6, 4, 9, 9, 5, 5, 9, 9, 4, 4, 9, 11, 8, 8, 8, 8, 9, 9, 3, 11, 9, 9, 3, 3, 3, 3, 3, 3, 3, 3, 3, 3, 3, 3, 3, 3, 3, 9, 3, 3, 3, 6, 10, 3, 3, 3, 8, 8, 6, 3, 3, 3, 3, 3, 8, 1, 3] f(x) = 0.22935273882795953
Best solution in generation 194 is: x = [6, 10, 8, 2, 8, 10, 10, 9, 2, 2, 4, 2, 2, 7, 2, 8, 2, 2, 8, 4, 2, 2, 2, 2, 2, 9, 2, 2, 2, 7, 3, 3, 11, 7, 11, 11, 2, 10, 6, 4, 2, 2, 4, 4, 7, 11, 2, 2, 6, 9, 10, 9, 2, 5, 2, 2, 4, 4, 9, 11, 8, 8, 8, 8, 9, 9, 3, 9, 9, 9, 3, 3, 3, 3, 3, 3, 3, 3, 3, 3, 3, 3, 3, 3, 3, 9, 3, 3, 3, 6, 10, 3, 3, 3, 8, 8, 2, 3, 3, 3, 3, 3, 8, 1, 3] f(x) = 0.2294889989253471
Best solution in generation 195 is: x = [8, 10, 8, 2, 8, 10, 10, 9, 2, 2, 4, 2, 2, 7, 2, 8, 2, 2, 8, 4, 2, 2, 2, 2, 2, 9, 2, 2, 2, 7, 3, 3, 7, 7, 11, 11, 2, 10, 6, 4, 2, 2, 4, 4, 7, 11, 2, 2, 6, 9, 10, 9, 2, 5, 2, 2, 4, 4, 9, 11, 8, 8, 8, 8, 9, 9, 3, 9, 9, 9, 3, 3, 3, 3, 3, 3, 3, 3, 3, 3, 3, 3, 3, 3, 3, 9, 3, 3, 3, 6, 10, 3, 3, 3, 8, 8, 2, 3, 3, 3, 3, 3, 8, 1, 3] f(x) = 0.23363593358734497
Best solution in generation 196 is: x = [6, 10, 6, 2, 8, 10, 10, 9, 2, 2, 4, 2, 2, 2, 2, 8, 4, 2, 2, 4, 2, 2, 1, 2, 2, 1, 2, 2, 10, 7, 3, 3, 7, 7, 11, 4, 2, 7, 7, 4, 2, 2, 4, 4, 7, 3, 2, 2, 6, 4, 9, 9, 5, 5, 2, 4, 4, 1, 9, 11, 8, 8, 8, 8, 9, 9, 3, 11, 9, 9, 3, 3, 3, 3, 3, 3, 3, 3, 3, 3, 3, 3, 3, 3, 3, 9, 3, 3, 3, 6, 10, 3, 3, 3, 8, 8, 6, 3, 3, 3, 3, 3, 8, 1, 7] f(x) = 0.23615545991639497
Best solution in generation 197 is: x = [6, 10, 6, 2, 8, 10, 10, 9, 2, 2, 4, 2, 2, 2, 2, 8, 4, 2, 2, 4, 2, 2, 1, 2, 2, 1, 2, 2, 10, 7, 3, 3, 7, 7, 11, 4, 2, 7, 7, 4, 2, 2, 4, 4, 7, 3, 2, 2, 6, 4, 9, 9, 5, 5, 2, 4, 4, 1, 9, 11, 8, 8, 8, 8, 9, 9, 3, 11, 9, 9, 3, 3, 3, 3, 3, 3, 3, 3, 3, 3, 3, 3, 3, 3, 3, 9, 3, 3, 3, 6, 10, 3, 3, 3, 8, 8, 6, 3, 3, 3, 3, 3, 8, 1, 7] f(x) = 0.23615545991639497
Best solution in generation 198 is: x = [6, 10, 6, 2, 8, 10, 10, 9, 2, 2, 4, 2, 2, 1, 2, 2, 2, 2, 2, 4, 2, 2, 1, 2, 2, 1, 2, 2, 10, 7, 3, 3, 7, 7, 11, 4, 2, 10, 7, 4, 2, 2, 4, 4, 7, 3, 2, 2, 6, 9, 5, 9, 5, 5, 2, 2, 4, 4, 9, 11, 8, 5, 8, 8, 9, 9, 3, 9, 9, 9, 3, 3, 3, 3, 3, 3, 3, 3, 3, 3, 3, 3, 3, 3, 3, 9, 3, 3, 3, 3, 10, 3, 3, 3, 8, 8, 6, 3, 3, 3, 3, 3, 1, 1, 3] f(x) = 0.2386055707241346
Best solution in generation 199 is: x = [6, 10, 6, 2, 8, 10, 10, 9, 2, 2, 4, 2, 2, 1, 2, 2, 2, 2, 2, 4, 2, 2, 1, 2, 2, 1, 2, 2, 10, 7, 3, 3, 7, 7, 11, 4, 2, 10, 7, 4, 2, 2, 4, 4, 7, 3, 2, 2, 6, 9, 5, 9, 5, 5, 2, 2, 4, 4, 9, 11, 8, 5, 8, 8, 9, 9, 3, 9, 9, 9, 3, 3, 3, 3, 3, 3, 3, 3, 3, 3, 3, 3, 3, 3, 3, 9, 3, 3, 3, 3, 10, 3, 3, 3, 8, 8, 6, 3, 3, 3, 3, 3, 1, 1, 3] f(x) = 0.2386055707241346
Best solution in generation 200 is: x = [6, 10, 6, 2, 8, 10, 10, 9, 2, 2, 4, 2, 2, 2, 2, 8, 4, 2, 2, 4, 2, 2, 1, 2, 2, 1, 2, 2, 10, 7, 3, 3, 7, 7, 11, 4, 2, 7, 7, 4, 2, 2, 4, 4, 7, 3, 2, 2, 6, 9, 9, 9, 5, 5, 2, 4, 4, 1, 9, 11, 8, 8, 8, 8, 9, 9, 3, 3, 9, 9, 3, 3, 3, 3, 3, 3, 3, 3, 3, 3, 3, 3, 3, 3, 3, 9, 3, 3, 3, 6, 10, 3, 3, 3, 8, 8, 6, 3, 3, 3, 3, 3, 8, 4, 7] f(x) = 0.2387444017667559
Best solution in generation 201 is: x = [6, 10, 6, 2, 8, 10, 10, 9, 2, 2, 4, 2, 2, 2, 2, 8, 4, 2, 2, 4, 2, 2, 1, 2, 2, 1, 2, 2, 10, 7, 3, 3, 7, 7, 11, 4, 2, 7, 7, 4, 2, 2, 4, 4, 7, 3, 2, 2, 6, 9, 9, 9, 5, 5, 2, 4, 4, 1, 9, 11, 8, 8, 8, 8, 9, 9, 3, 3, 9, 9, 3, 3, 3, 3, 3, 3, 3, 3, 3, 3, 3, 3, 3, 3, 3, 9, 3, 3, 3, 6, 10, 3, 3, 3, 8, 8, 6, 3, 3, 3, 3, 3, 8, 4, 7] f(x) = 0.2387444017667559
Best solution in generation 202 is: x = [8, 10, 8, 2, 8, 10, 10, 9, 2, 2, 4, 2, 2, 7, 2, 8, 2, 2, 8, 4, 2, 2, 2, 2, 2, 10, 2, 2, 3, 7, 3, 3, 7, 7, 11, 4, 2, 7, 7, 4, 2, 2, 4, 4, 5, 11, 2, 2, 6, 9, 10, 9, 2, 5, 2, 2, 4, 4, 9, 1, 8, 8, 8, 8, 9, 9, 3, 9, 9, 9, 3, 3, 3, 3, 3, 3, 3, 3, 3, 3, 3, 3, 3, 3, 3, 9, 3, 3, 3, 6, 10, 3, 3, 3, 8, 8, 2, 3, 3, 3, 3, 3, 8, 1, 3] f(x) = 0.24141304291936216
Best solution in generation 203 is: x = [8, 10, 8, 2, 8, 10, 10, 9, 2, 2, 4, 2, 2, 7, 2, 8, 2, 2, 8, 4, 2, 2, 2, 2, 2, 10, 2, 2, 3, 7, 3, 3, 7, 7, 11, 4, 2, 7, 7, 4, 2, 2, 4, 4, 5, 11, 2, 2, 6, 9, 10, 9, 2, 5, 2, 2, 4, 4, 9, 1, 8, 8, 8, 8, 9, 9, 3, 9, 9, 9, 3, 3, 3, 3, 3, 3, 3, 3, 3, 3, 3, 3, 3, 3, 3, 9, 3, 3, 3, 6, 10, 3, 3, 3, 8, 8, 2, 3, 3, 3, 3, 3, 8, 1, 3] f(x) = 0.24141304291936216
Best solution in generation 204 is: x = [8, 10, 8, 2, 8, 10, 10, 9, 2, 2, 4, 2, 2, 7, 2, 8, 2, 2, 8, 4, 2, 2, 2, 2, 2, 10, 2, 2, 3, 7, 3, 3, 7, 7, 11, 4, 2, 7, 7, 4, 2, 2, 4, 4, 5, 11, 2, 2, 6, 9, 10, 9, 2, 5, 2, 2, 4, 4, 9, 1, 8, 8, 8, 8, 9, 9, 3, 9, 9, 9, 3, 3, 3, 3, 3, 3, 3, 3, 3, 3, 3, 3, 3, 3, 3, 9, 3, 3, 3, 6, 10, 3, 3, 3, 8, 8, 2, 3, 3, 3, 3, 3, 8, 1, 3] f(x) = 0.24141304291936216
Best solution in generation 205 is: x = [8, 10, 8, 2, 8, 10, 10, 9, 2, 2, 4, 2, 2, 7, 2, 8, 2, 2, 8, 4, 2, 2, 2, 2, 2, 10, 2, 2, 3, 7, 3, 3, 7, 7, 11, 4, 2, 7, 7, 4, 2, 2, 4, 4, 5, 11, 2, 2, 4, 9, 10, 9, 2, 5, 2, 2, 4, 4, 9, 1, 8, 8, 8, 8, 9, 9, 3, 9, 9, 9, 3, 3, 3, 3, 3, 3, 3, 3, 3, 3, 3, 3, 3, 3, 3, 9, 3, 3, 3, 6, 10, 3, 3, 3, 8, 8, 2, 3, 3, 3, 3, 3, 8, 1, 3] f(x) = 0.24240285683434615
Best solution in generation 206 is: x = [8, 10, 8, 2, 8, 10, 10, 9, 2, 2, 4, 2, 2, 7, 2, 8, 2, 2, 2, 4, 2, 2, 2, 2, 2, 10, 2, 2, 3, 7, 3, 3, 7, 7, 11, 4, 2, 7, 7, 4, 2, 2, 4, 4, 4, 2, 2, 2, 6, 9, 10, 9, 7, 5, 2, 2, 4, 4, 9, 1, 8, 8, 8, 8, 9, 9, 3, 9, 9, 9, 3, 3, 3, 3, 3, 3, 3, 3, 3, 3, 3, 3, 3, 3, 3, 9, 3, 3, 3, 6, 10, 3, 9, 3, 8, 8, 2, 3, 3, 3, 3, 3, 8, 1, 3] f(x) = 0.24623099428736211
Best solution in generation 207 is: x = [8, 10, 8, 2, 8, 10, 10, 9, 2, 2, 4, 2, 2, 7, 2, 8, 2, 2, 2, 4, 2, 2, 2, 2, 2, 10, 2, 2, 3, 7, 3, 3, 7, 7, 11, 4, 2, 7, 7, 4, 2, 2, 4, 4, 4, 2, 2, 2, 6, 9, 10, 9, 7, 5, 2, 2, 4, 4, 9, 1, 8, 8, 8, 8, 9, 9, 3, 9, 9, 9, 3, 3, 3, 3, 3, 3, 3, 3, 3, 3, 3, 3, 3, 3, 3, 9, 3, 3, 3, 6, 10, 3, 9, 3, 8, 8, 2, 3, 3, 3, 3, 3, 8, 1, 3] f(x) = 0.24623099428736211
Best solution in generation 208 is: x = [8, 10, 8, 2, 8, 10, 10, 9, 2, 2, 4, 2, 2, 7, 2, 8, 2, 2, 2, 4, 2, 2, 2, 2, 2, 10, 2, 2, 3, 7, 3, 3, 7, 7, 11, 4, 2, 7, 7, 4, 2, 2, 4, 4, 4, 2, 2, 2, 6, 9, 10, 9, 7, 5, 2, 2, 4, 4, 9, 1, 8, 8, 8, 8, 9, 9, 3, 9, 9, 9, 3, 3, 3, 3, 3, 3, 3, 3, 3, 3, 3, 3, 3, 3, 3, 9, 3, 3, 3, 6, 10, 3, 9, 3, 8, 8, 2, 3, 3, 3, 3, 3, 8, 1, 3] f(x) = 0.24623099428736211
Best solution in generation 209 is: x = [8, 10, 8, 2, 8, 10, 10, 9, 2, 2, 4, 2, 2, 7, 2, 8, 2, 2, 2, 4, 2, 2, 2, 2, 2, 10, 2, 2, 3, 7, 3, 3, 7, 7, 11, 4, 2, 7, 7, 4, 2, 2, 4, 4, 4, 2, 2, 2, 6, 9, 10, 9, 7, 5, 2, 2, 4, 4, 9, 1, 8, 8, 8, 8, 9, 9, 3, 9, 9, 9, 3, 3, 3, 3, 3, 3, 3, 3, 3, 3, 3, 3, 3, 3, 3, 9, 3, 3, 3, 6, 10, 3, 9, 3, 8, 8, 2, 3, 3, 3, 3, 3, 8, 1, 3] f(x) = 0.24623099428736211
Best solution in generation 210 is: x = [8, 10, 8, 2, 8, 10, 10, 9, 2, 2, 4, 2, 2, 7, 2, 8, 2, 2, 2, 4, 2, 2, 2, 2, 2, 10, 2, 2, 3, 7, 3, 3, 7, 7, 11, 4, 2, 7, 7, 4, 2, 2, 4, 4, 4, 2, 2, 2, 6, 9, 10, 9, 7, 5, 2, 2, 4, 4, 9, 1, 8, 8, 8, 8, 9, 9, 3, 9, 9, 9, 3, 3, 3, 3, 3, 3, 3, 3, 3, 3, 3, 3, 3, 3, 3, 9, 3, 3, 3, 6, 10, 3, 9, 3, 8, 8, 2, 3, 3, 3, 3, 3, 8, 1, 3] f(x) = 0.24623099428736211
Best solution in generation 211 is: x = [8, 10, 8, 2, 8, 10, 10, 9, 2, 2, 4, 2, 2, 7, 2, 8, 2, 2, 2, 4, 2, 2, 2, 2, 2, 10, 2, 2, 3, 7, 3, 3, 7, 7, 11, 4, 2, 7, 7, 4, 2, 2, 4, 4, 4, 2, 2, 2, 6, 9, 10, 9, 7, 5, 2, 2, 4, 4, 9, 1, 8, 8, 8, 8, 9, 9, 3, 9, 9, 9, 3, 3, 3, 3, 3, 3, 3, 3, 3, 3, 3, 3, 3, 3, 3, 9, 3, 3, 3, 6, 10, 3, 9, 3, 8, 8, 2, 3, 3, 3, 3, 3, 8, 1, 3] f(x) = 0.24623099428736211
Best solution in generation 212 is: x = [8, 10, 8, 2, 8, 10, 10, 9, 2, 2, 4, 2, 2, 7, 2, 8, 2, 2, 2, 4, 2, 2, 2, 2, 2, 10, 2, 2, 3, 7, 3, 3, 7, 7, 11, 4, 2, 7, 7, 4, 2, 2, 4, 4, 4, 2, 2, 2, 6, 9, 10, 9, 7, 5, 2, 2, 4, 4, 9, 1, 8, 8, 8, 8, 9, 9, 3, 9, 9, 9, 3, 3, 3, 3, 3, 3, 3, 3, 3, 3, 3, 3, 3, 3, 3, 9, 3, 3, 3, 6, 10, 3, 9, 3, 8, 8, 2, 3, 3, 3, 3, 3, 8, 1, 3] f(x) = 0.24623099428736211
Best solution in generation 213 is: x = [8, 10, 8, 2, 8, 10, 10, 9, 2, 2, 4, 2, 2, 7, 2, 8, 2, 2, 2, 4, 2, 2, 2, 2, 2, 10, 2, 2, 3, 7, 3, 3, 7, 7, 11, 4, 2, 7, 7, 4, 2, 2, 4, 4, 4, 2, 2, 2, 6, 9, 10, 9, 7, 5, 2, 2, 4, 4, 9, 1, 8, 8, 8, 8, 9, 9, 3, 9, 9, 9, 3, 3, 3, 3, 3, 3, 3, 3, 3, 3, 3, 3, 3, 3, 3, 9, 3, 3, 3, 6, 10, 3, 9, 3, 8, 8, 2, 3, 3, 3, 3, 3, 8, 1, 3] f(x) = 0.24623099428736211
Best solution in generation 214 is: x = [8, 10, 8, 2, 8, 10, 10, 9, 2, 2, 4, 2, 2, 7, 2, 8, 2, 2, 2, 4, 2, 2, 2, 2, 2, 10, 2, 2, 3, 7, 3, 3, 7, 7, 11, 4, 2, 7, 7, 4, 2, 2, 4, 4, 4, 2, 2, 2, 6, 9, 10, 9, 7, 5, 2, 2, 4, 4, 9, 1, 8, 8, 8, 8, 9, 9, 3, 9, 9, 9, 3, 3, 3, 3, 3, 3, 3, 3, 3, 3, 3, 3, 3, 3, 3, 9, 3, 3, 3, 6, 10, 3, 9, 3, 8, 8, 2, 3, 3, 3, 3, 3, 8, 1, 3] f(x) = 0.24623099428736211
Best solution in generation 215 is: x = [8, 10, 8, 2, 8, 10, 10, 9, 2, 2, 4, 2, 2, 7, 2, 8, 2, 2, 2, 4, 2, 2, 2, 2, 2, 10, 2, 2, 3, 7, 3, 3, 7, 7, 11, 4, 2, 7, 7, 4, 2, 2, 4, 4, 4, 2, 2, 2, 6, 9, 10, 9, 7, 5, 2, 2, 4, 4, 9, 1, 8, 8, 8, 8, 9, 9, 3, 9, 9, 9, 3, 3, 3, 3, 3, 3, 3, 3, 3, 3, 3, 3, 3, 3, 3, 9, 3, 3, 3, 6, 10, 3, 9, 3, 8, 8, 2, 3, 3, 3, 3, 3, 8, 1, 3] f(x) = 0.24623099428736211
Best solution in generation 216 is: x = [8, 10, 8, 2, 8, 10, 10, 9, 2, 2, 4, 2, 2, 7, 2, 8, 2, 2, 2, 4, 2, 2, 2, 2, 2, 10, 2, 2, 3, 7, 3, 3, 7, 7, 11, 4, 2, 7, 7, 4, 2, 2, 4, 4, 4, 2, 2, 2, 6, 9, 10, 9, 7, 5, 2, 2, 4, 4, 9, 1, 8, 8, 8, 8, 9, 9, 3, 9, 9, 9, 3, 3, 3, 3, 3, 3, 3, 3, 3, 3, 3, 3, 3, 3, 3, 9, 3, 3, 3, 6, 10, 3, 9, 3, 8, 8, 2, 3, 3, 3, 3, 3, 8, 1, 3] f(x) = 0.24623099428736211
Best solution in generation 217 is: x = [8, 10, 8, 2, 8, 10, 10, 9, 2, 2, 4, 2, 2, 7, 2, 8, 2, 2, 2, 4, 2, 2, 2, 2, 2, 10, 2, 2, 3, 7, 3, 3, 7, 7, 11, 4, 2, 7, 7, 4, 2, 2, 4, 4, 4, 2, 2, 2, 6, 9, 10, 9, 7, 5, 2, 2, 4, 4, 9, 1, 8, 8, 8, 8, 9, 9, 3, 9, 9, 9, 3, 3, 3, 3, 3, 3, 3, 3, 3, 3, 3, 3, 3, 3, 3, 9, 3, 3, 3, 6, 10, 3, 9, 3, 8, 8, 2, 3, 3, 3, 3, 3, 8, 1, 3] f(x) = 0.24623099428736211
Best solution in generation 218 is: x = [8, 10, 8, 2, 8, 10, 10, 9, 2, 2, 4, 2, 2, 7, 2, 8, 2, 2, 2, 4, 2, 2, 2, 2, 2, 10, 2, 2, 3, 7, 3, 3, 7, 7, 11, 4, 2, 7, 7, 4, 2, 2, 4, 4, 4, 2, 2, 2, 6, 9, 10, 9, 7, 2, 2, 2, 4, 6, 9, 1, 8, 8, 8, 8, 9, 9, 3, 9, 9, 9, 3, 3, 3, 3, 3, 3, 3, 3, 3, 3, 3, 3, 3, 3, 3, 9, 3, 3, 3, 6, 10, 3, 9, 3, 8, 9, 2, 3, 3, 3, 3, 3, 8, 1, 3] f(x) = 0.24700484880271337
Best solution in generation 219 is: x = [8, 10, 8, 2, 8, 10, 10, 9, 2, 2, 4, 2, 2, 7, 2, 8, 2, 2, 2, 4, 2, 2, 2, 2, 2, 10, 2, 2, 3, 7, 3, 3, 7, 7, 11, 4, 2, 7, 7, 4, 2, 2, 4, 4, 4, 2, 2, 2, 6, 9, 10, 9, 7, 2, 2, 2, 4, 6, 9, 1, 8, 8, 8, 8, 9, 9, 3, 9, 9, 9, 3, 3, 3, 3, 3, 3, 3, 3, 3, 3, 3, 3, 3, 3, 3, 9, 3, 3, 3, 6, 10, 3, 9, 3, 8, 9, 2, 3, 3, 3, 3, 3, 8, 1, 3] f(x) = 0.24700484880271337
Best solution in generation 220 is: x = [8, 10, 8, 2, 8, 10, 10, 9, 2, 2, 4, 2, 2, 7, 2, 8, 2, 2, 2, 4, 2, 2, 2, 2, 2, 10, 2, 2, 3, 7, 3, 3, 7, 7, 11, 4, 2, 7, 7, 4, 2, 2, 4, 4, 4, 2, 2, 2, 6, 9, 10, 9, 7, 2, 2, 2, 4, 6, 9, 1, 8, 8, 8, 8, 9, 9, 3, 9, 9, 9, 3, 3, 3, 3, 3, 3, 3, 3, 3, 3, 3, 3, 3, 3, 3, 9, 3, 3, 3, 6, 10, 3, 9, 3, 8, 9, 2, 3, 3, 3, 3, 3, 8, 1, 3] f(x) = 0.24700484880271337
Best solution in generation 221 is: x = [8, 10, 8, 2, 8, 10, 10, 9, 2, 2, 4, 2, 2, 7, 2, 8, 2, 2, 2, 4, 2, 2, 2, 2, 2, 10, 2, 2, 3, 7, 3, 3, 7, 7, 11, 4, 2, 7, 7, 4, 2, 2, 4, 4, 4, 2, 2, 2, 6, 9, 10, 9, 7, 2, 2, 2, 4, 6, 9, 1, 8, 8, 8, 8, 9, 9, 3, 9, 9, 9, 3, 3, 3, 3, 3, 3, 3, 3, 3, 3, 3, 3, 3, 3, 3, 9, 3, 3, 3, 6, 10, 3, 9, 3, 8, 9, 2, 3, 3, 3, 3, 3, 8, 1, 3] f(x) = 0.24700484880271337
Best solution in generation 222 is: x = [8, 10, 8, 2, 8, 2, 10, 9, 2, 2, 4, 2, 2, 7, 2, 8, 2, 2, 2, 4, 2, 2, 2, 2, 2, 10, 2, 2, 3, 7, 3, 3, 7, 7, 11, 4, 11, 7, 7, 4, 2, 2, 4, 4, 4, 2, 2, 2, 6, 9, 10, 9, 7, 5, 2, 2, 4, 4, 9, 1, 8, 8, 8, 8, 9, 9, 3, 9, 9, 9, 3, 3, 3, 3, 3, 3, 3, 3, 3, 3, 3, 3, 3, 3, 3, 9, 3, 3, 3, 10, 10, 3, 9, 3, 8, 8, 3, 3, 3, 3, 3, 3, 8, 1, 3] f(x) = 0.2484574328597677
Best solution in generation 223 is: x = [8, 10, 8, 2, 8, 2, 10, 9, 2, 2, 4, 2, 2, 7, 2, 8, 2, 2, 2, 4, 2, 2, 2, 2, 2, 10, 2, 2, 3, 7, 3, 3, 7, 7, 11, 4, 11, 7, 7, 4, 2, 2, 4, 4, 4, 2, 2, 2, 6, 9, 10, 9, 7, 5, 2, 2, 4, 4, 9, 1, 8, 8, 8, 8, 9, 9, 3, 9, 9, 9, 3, 3, 3, 3, 3, 3, 3, 3, 3, 3, 3, 3, 3, 3, 3, 9, 3, 3, 3, 10, 10, 3, 9, 3, 8, 8, 3, 3, 3, 3, 3, 3, 8, 1, 3] f(x) = 0.2484574328597677
Best solution in generation 224 is: x = [8, 10, 8, 2, 8, 10, 10, 9, 2, 2, 4, 2, 2, 7, 2, 8, 2, 2, 2, 4, 2, 2, 2, 2, 2, 2, 2, 2, 3, 7, 3, 3, 7, 7, 11, 4, 2, 7, 7, 4, 2, 2, 4, 4, 4, 2, 2, 2, 6, 9, 10, 9, 7, 7, 2, 2, 4, 4, 9, 3, 8, 8, 8, 8, 9, 9, 3, 9, 9, 9, 3, 3, 3, 3, 3, 3, 3, 3, 3, 3, 3, 11, 3, 3, 3, 9, 3, 3, 3, 3, 10, 3, 4, 3, 8, 4, 2, 3, 3, 3, 3, 3, 8, 1, 3] f(x) = 0.24847028758593623
Best solution in generation 225 is: x = [8, 10, 8, 2, 8, 10, 10, 9, 2, 2, 4, 2, 2, 7, 2, 8, 2, 2, 2, 8, 2, 2, 2, 2, 2, 10, 2, 2, 3, 7, 3, 3, 7, 7, 11, 4, 2, 7, 10, 4, 2, 2, 4, 4, 4, 2, 2, 2, 6, 9, 10, 9, 7, 5, 2, 2, 4, 4, 9, 3, 8, 8, 8, 8, 9, 9, 3, 9, 9, 9, 3, 3, 3, 3, 3, 3, 3, 3, 3, 3, 3, 11, 3, 3, 3, 9, 3, 3, 3, 3, 10, 3, 4, 3, 8, 8, 3, 3, 3, 3, 3, 3, 8, 1, 3] f(x) = 0.2497891824908369
Best solution in generation 226 is: x = [8, 10, 8, 2, 8, 10, 10, 9, 2, 2, 4, 2, 2, 7, 2, 8, 2, 2, 5, 8, 2, 2, 2, 2, 2, 10, 2, 2, 3, 7, 3, 3, 7, 7, 11, 4, 2, 7, 10, 4, 2, 2, 4, 4, 4, 2, 2, 2, 6, 9, 10, 9, 7, 5, 2, 2, 4, 4, 9, 3, 8, 8, 8, 8, 9, 9, 3, 9, 9, 9, 3, 3, 3, 3, 3, 3, 3, 3, 3, 3, 3, 3, 3, 3, 3, 9, 3, 3, 3, 3, 10, 3, 4, 3, 8, 8, 3, 3, 3, 3, 3, 3, 8, 1, 3] f(x) = 0.25086897948900144
Best solution in generation 227 is: x = [8, 10, 8, 2, 8, 10, 10, 9, 2, 2, 4, 2, 2, 7, 2, 8, 2, 2, 2, 8, 2, 2, 2, 2, 2, 10, 2, 2, 5, 7, 3, 3, 7, 7, 11, 4, 2, 7, 10, 4, 2, 2, 4, 4, 4, 2, 2, 2, 6, 9, 10, 9, 7, 5, 2, 2, 4, 4, 9, 3, 8, 8, 8, 8, 9, 9, 3, 9, 9, 9, 3, 3, 3, 3, 3, 3, 3, 3, 3, 3, 3, 3, 3, 3, 3, 9, 3, 3, 3, 3, 10, 3, 4, 3, 8, 8, 3, 3, 3, 3, 3, 3, 8, 1, 3] f(x) = 0.2516865400733258
Best solution in generation 228 is: x = [8, 10, 8, 2, 8, 10, 10, 9, 2, 2, 4, 2, 2, 7, 2, 8, 2, 2, 2, 4, 2, 2, 2, 2, 2, 10, 2, 2, 3, 7, 3, 3, 7, 7, 11, 4, 2, 7, 10, 4, 2, 2, 4, 4, 4, 2, 2, 2, 8, 9, 10, 9, 7, 5, 2, 2, 4, 4, 9, 3, 8, 8, 8, 8, 9, 9, 3, 9, 9, 9, 3, 3, 3, 3, 3, 3, 3, 3, 3, 3, 3, 3, 3, 3, 3, 9, 3, 3, 3, 3, 10, 3, 4, 3, 8, 8, 3, 3, 3, 3, 3, 3, 8, 1, 3] f(x) = 0.25530128907194277
Best solution in generation 229 is: x = [8, 10, 8, 2, 8, 10, 10, 9, 2, 2, 4, 2, 2, 7, 2, 8, 2, 2, 2, 4, 2, 2, 2, 2, 2, 10, 2, 2, 3, 7, 3, 3, 7, 7, 11, 4, 2, 7, 10, 4, 2, 2, 4, 4, 4, 2, 2, 2, 8, 9, 10, 9, 7, 5, 2, 2, 4, 4, 9, 3, 8, 8, 8, 8, 9, 9, 3, 9, 9, 9, 3, 3, 3, 3, 3, 3, 3, 3, 3, 3, 3, 3, 3, 3, 3, 9, 3, 3, 3, 3, 10, 3, 4, 3, 8, 8, 3, 3, 3, 3, 3, 3, 8, 1, 3] f(x) = 0.25530128907194277
Best solution in generation 230 is: x = [8, 10, 8, 2, 8, 10, 10, 9, 2, 2, 4, 2, 2, 7, 2, 8, 2, 2, 2, 4, 2, 2, 2, 2, 2, 10, 2, 2, 3, 7, 3, 3, 7, 7, 11, 4, 2, 7, 10, 4, 2, 2, 4, 4, 4, 2, 2, 2, 8, 9, 10, 9, 7, 5, 2, 2, 4, 4, 9, 3, 8, 8, 8, 8, 9, 9, 3, 9, 9, 9, 3, 3, 3, 3, 3, 3, 3, 3, 3, 3, 3, 3, 3, 3, 3, 9, 3, 3, 3, 3, 10, 3, 4, 3, 8, 8, 3, 3, 3, 3, 3, 3, 8, 1, 3] f(x) = 0.25530128907194277
Best solution in generation 231 is: x = [8, 10, 8, 2, 8, 10, 10, 9, 2, 2, 4, 2, 2, 7, 2, 8, 2, 2, 2, 4, 2, 2, 2, 2, 2, 10, 2, 2, 3, 7, 3, 3, 7, 7, 11, 4, 2, 7, 10, 4, 2, 2, 4, 4, 4, 2, 2, 2, 8, 9, 10, 9, 7, 5, 2, 2, 4, 4, 9, 3, 8, 8, 8, 8, 9, 9, 3, 9, 9, 9, 3, 3, 3, 3, 3, 3, 3, 3, 3, 3, 3, 3, 3, 3, 3, 9, 3, 3, 3, 3, 10, 3, 4, 3, 8, 8, 3, 3, 3, 3, 3, 3, 8, 1, 3] f(x) = 0.25530128907194277
Best solution in generation 232 is: x = [8, 10, 8, 2, 8, 10, 10, 9, 2, 2, 4, 2, 2, 7, 2, 8, 2, 2, 2, 4, 2, 2, 2, 2, 2, 10, 2, 2, 3, 7, 3, 3, 7, 7, 11, 4, 2, 7, 10, 4, 2, 2, 4, 4, 4, 2, 2, 2, 8, 9, 10, 9, 7, 5, 2, 2, 4, 4, 9, 3, 8, 8, 8, 8, 9, 9, 3, 9, 9, 9, 3, 3, 3, 3, 3, 3, 3, 3, 3, 3, 3, 3, 3, 3, 3, 9, 3, 3, 3, 3, 10, 3, 4, 3, 8, 8, 3, 3, 3, 3, 3, 3, 8, 1, 3] f(x) = 0.25530128907194277
Best solution in generation 233 is: x = [8, 10, 8, 2, 8, 10, 10, 9, 2, 2, 4, 2, 2, 7, 2, 8, 2, 2, 2, 4, 2, 2, 2, 2, 2, 10, 2, 2, 3, 7, 3, 3, 7, 7, 11, 4, 2, 7, 10, 4, 2, 2, 4, 4, 4, 2, 2, 2, 8, 9, 10, 9, 7, 5, 2, 2, 4, 4, 9, 3, 8, 8, 8, 8, 9, 9, 3, 9, 9, 9, 3, 3, 3, 3, 3, 3, 3, 3, 3, 3, 3, 3, 3, 3, 3, 9, 3, 3, 3, 3, 10, 3, 4, 3, 8, 8, 3, 3, 3, 3, 3, 3, 8, 1, 3] f(x) = 0.25530128907194277
Best solution in generation 234 is: x = [8, 10, 8, 2, 8, 10, 10, 9, 2, 2, 4, 2, 2, 7, 2, 8, 2, 2, 2, 4, 2, 2, 2, 2, 2, 10, 2, 2, 3, 7, 3, 3, 7, 7, 11, 4, 2, 7, 10, 4, 2, 2, 4, 4, 4, 2, 2, 2, 8, 9, 10, 9, 7, 5, 2, 2, 4, 4, 9, 3, 8, 8, 8, 8, 9, 9, 3, 9, 9, 9, 3, 3, 3, 3, 3, 3, 3, 3, 3, 3, 3, 3, 3, 3, 3, 9, 3, 3, 3, 3, 10, 3, 4, 3, 8, 8, 3, 3, 3, 3, 3, 3, 8, 1, 3] f(x) = 0.25530128907194277
Best solution in generation 235 is: x = [8, 10, 8, 2, 8, 10, 10, 9, 2, 2, 4, 2, 2, 7, 2, 8, 2, 2, 2, 4, 2, 2, 2, 2, 2, 10, 2, 2, 3, 7, 3, 3, 7, 7, 11, 4, 2, 7, 10, 4, 2, 2, 4, 4, 4, 2, 2, 2, 8, 9, 10, 9, 7, 5, 2, 2, 4, 4, 9, 3, 8, 8, 8, 8, 9, 9, 3, 9, 9, 9, 3, 3, 3, 3, 3, 3, 3, 3, 3, 3, 3, 3, 3, 3, 3, 9, 3, 3, 3, 3, 10, 3, 4, 3, 8, 8, 3, 3, 3, 3, 3, 3, 8, 1, 3] f(x) = 0.25530128907194277
Best solution in generation 236 is: x = [8, 10, 8, 2, 8, 10, 10, 9, 2, 2, 4, 2, 2, 7, 2, 8, 2, 2, 2, 4, 2, 2, 2, 2, 2, 10, 2, 2, 3, 7, 3, 3, 7, 7, 11, 4, 2, 7, 10, 4, 2, 2, 4, 4, 4, 2, 2, 2, 8, 9, 10, 9, 7, 5, 2, 2, 4, 4, 9, 3, 8, 8, 8, 8, 9, 9, 3, 9, 9, 9, 3, 3, 3, 3, 3, 3, 3, 3, 3, 3, 3, 3, 3, 3, 3, 9, 3, 3, 3, 3, 10, 3, 4, 3, 8, 8, 3, 3, 3, 3, 3, 3, 8, 1, 3] f(x) = 0.25530128907194277
Best solution in generation 237 is: x = [8, 10, 8, 2, 8, 10, 10, 9, 2, 2, 4, 2, 2, 7, 2, 8, 2, 2, 2, 4, 2, 2, 2, 2, 2, 10, 2, 2, 3, 7, 3, 3, 7, 7, 11, 4, 2, 7, 10, 4, 2, 2, 4, 4, 4, 2, 2, 2, 8, 9, 10, 9, 7, 5, 2, 2, 4, 4, 9, 3, 8, 8, 8, 8, 9, 9, 3, 9, 9, 9, 3, 3, 3, 3, 3, 3, 3, 3, 3, 3, 3, 3, 3, 3, 3, 9, 3, 3, 3, 3, 10, 3, 4, 3, 8, 8, 3, 3, 3, 3, 3, 3, 8, 1, 3] f(x) = 0.25530128907194277
Best solution in generation 238 is: x = [8, 10, 8, 2, 8, 10, 10, 9, 2, 2, 4, 2, 2, 7, 2, 8, 2, 2, 2, 4, 2, 2, 2, 2, 2, 10, 2, 2, 3, 7, 3, 3, 7, 7, 11, 4, 2, 7, 10, 4, 2, 2, 4, 4, 4, 2, 2, 2, 8, 9, 10, 9, 7, 5, 2, 2, 4, 4, 9, 3, 8, 8, 8, 8, 9, 9, 3, 9, 9, 9, 3, 3, 3, 3, 3, 3, 3, 3, 3, 3, 3, 3, 3, 3, 3, 9, 3, 3, 3, 3, 10, 3, 4, 3, 8, 8, 3, 3, 3, 3, 3, 3, 8, 1, 3] f(x) = 0.25530128907194277
Best solution in generation 239 is: x = [8, 10, 8, 2, 8, 10, 10, 9, 2, 2, 4, 2, 2, 7, 2, 8, 2, 2, 2, 4, 2, 2, 2, 2, 2, 10, 2, 2, 3, 7, 3, 3, 7, 7, 11, 4, 2, 7, 10, 4, 2, 2, 4, 4, 4, 2, 2, 2, 8, 9, 10, 9, 7, 5, 2, 2, 4, 4, 9, 3, 8, 3, 8, 8, 9, 9, 3, 9, 9, 9, 3, 3, 3, 3, 3, 3, 3, 3, 3, 3, 3, 3, 3, 3, 3, 9, 3, 3, 3, 3, 10, 3, 4, 3, 8, 8, 3, 3, 3, 3, 3, 3, 8, 1, 3] f(x) = 0.25658161979833777
Best solution in generation 240 is: x = [8, 10, 8, 2, 8, 10, 10, 9, 2, 2, 4, 2, 2, 7, 2, 8, 2, 2, 2, 4, 2, 2, 2, 2, 2, 10, 2, 2, 3, 7, 3, 3, 7, 7, 11, 4, 2, 7, 10, 4, 2, 2, 4, 4, 4, 2, 2, 2, 8, 9, 10, 9, 7, 5, 2, 2, 4, 4, 9, 3, 8, 3, 8, 8, 9, 9, 3, 9, 9, 9, 3, 3, 3, 3, 3, 3, 3, 3, 3, 3, 3, 3, 3, 3, 3, 9, 3, 3, 3, 3, 10, 3, 4, 3, 8, 8, 3, 3, 3, 3, 3, 3, 8, 1, 3] f(x) = 0.25658161979833777
Best solution in generation 241 is: x = [8, 10, 8, 2, 8, 10, 10, 9, 2, 2, 4, 2, 2, 7, 2, 8, 2, 2, 2, 4, 2, 2, 2, 2, 2, 10, 2, 2, 3, 7, 3, 3, 7, 7, 11, 4, 2, 7, 7, 4, 2, 2, 4, 4, 4, 2, 2, 2, 8, 9, 10, 9, 7, 5, 2, 2, 4, 3, 9, 3, 8, 3, 8, 8, 9, 9, 3, 9, 9, 9, 3, 3, 3, 3, 3, 3, 3, 3, 3, 3, 3, 3, 3, 3, 3, 9, 3, 3, 3, 3, 10, 3, 4, 3, 8, 8, 3, 3, 3, 3, 3, 3, 8, 1, 3] f(x) = 0.2577102647559429
Best solution in generation 242 is: x = [8, 10, 8, 2, 8, 10, 10, 9, 2, 2, 4, 2, 2, 7, 2, 8, 1, 2, 2, 4, 2, 2, 2, 2, 2, 10, 2, 2, 3, 7, 3, 3, 7, 7, 11, 4, 2, 7, 10, 4, 2, 2, 4, 4, 4, 2, 2, 2, 8, 9, 10, 9, 7, 5, 2, 10, 4, 4, 9, 3, 8, 3, 8, 8, 9, 9, 3, 9, 9, 9, 3, 3, 3, 3, 3, 3, 3, 3, 3, 3, 3, 3, 3, 3, 3, 9, 3, 3, 3, 3, 10, 3, 4, 3, 3, 3, 3, 3, 3, 3, 3, 3, 8, 1, 3] f(x) = 0.25823473758362286
Best solution in generation 243 is: x = [8, 10, 8, 2, 8, 10, 10, 9, 2, 2, 4, 2, 2, 7, 2, 8, 1, 2, 2, 4, 2, 2, 2, 2, 2, 10, 2, 2, 3, 7, 3, 3, 7, 7, 11, 4, 2, 7, 4, 4, 2, 2, 4, 4, 4, 2, 2, 2, 8, 9, 10, 9, 7, 5, 2, 10, 4, 4, 9, 3, 8, 3, 8, 8, 9, 9, 3, 9, 9, 9, 3, 3, 3, 3, 3, 3, 3, 3, 3, 3, 3, 3, 3, 3, 3, 9, 3, 3, 3, 3, 10, 3, 4, 3, 3, 3, 3, 3, 3, 3, 3, 3, 8, 1, 3] f(x) = 0.2616052467850359
Best solution in generation 244 is: x = [8, 10, 8, 2, 8, 10, 10, 9, 2, 2, 4, 2, 2, 7, 2, 8, 1, 2, 2, 4, 2, 2, 2, 2, 2, 10, 2, 2, 3, 7, 3, 3, 7, 7, 11, 4, 2, 7, 4, 4, 2, 2, 4, 4, 4, 2, 2, 2, 8, 9, 10, 9, 7, 5, 2, 10, 4, 4, 9, 3, 8, 3, 8, 8, 9, 9, 3, 9, 9, 9, 3, 3, 3, 3, 3, 3, 3, 3, 3, 3, 3, 3, 3, 3, 3, 9, 3, 3, 3, 3, 10, 3, 4, 3, 3, 3, 3, 3, 3, 3, 3, 3, 8, 1, 3] f(x) = 0.2616052467850359
Best solution in generation 245 is: x = [8, 10, 8, 2, 8, 10, 10, 9, 2, 2, 4, 2, 2, 7, 2, 8, 1, 2, 2, 4, 2, 2, 2, 2, 2, 10, 2, 2, 3, 7, 3, 3, 7, 7, 11, 4, 2, 7, 4, 4, 2, 2, 4, 4, 4, 2, 2, 2, 8, 9, 10, 9, 7, 5, 2, 10, 4, 4, 9, 3, 8, 3, 8, 8, 9, 9, 3, 9, 9, 9, 3, 3, 3, 3, 3, 3, 3, 3, 3, 3, 3, 3, 3, 3, 3, 9, 3, 3, 3, 3, 10, 3, 4, 3, 3, 3, 3, 3, 3, 3, 3, 3, 8, 1, 3] f(x) = 0.2616052467850359
Best solution in generation 246 is: x = [8, 10, 8, 2, 8, 10, 10, 9, 2, 2, 4, 2, 2, 7, 2, 8, 1, 2, 2, 4, 2, 2, 2, 2, 2, 10, 2, 2, 3, 7, 3, 3, 7, 7, 11, 4, 2, 7, 4, 4, 2, 2, 4, 4, 4, 2, 2, 2, 8, 9, 10, 9, 7, 5, 2, 10, 4, 4, 9, 3, 8, 3, 8, 8, 9, 9, 3, 9, 9, 9, 3, 3, 3, 3, 3, 3, 3, 3, 3, 3, 3, 3, 3, 3, 3, 9, 3, 3, 3, 3, 10, 3, 4, 3, 3, 3, 3, 3, 3, 3, 3, 3, 8, 1, 3] f(x) = 0.2616052467850359
Best solution in generation 247 is: x = [8, 10, 8, 2, 8, 10, 10, 9, 2, 2, 4, 2, 2, 7, 2, 8, 1, 2, 2, 4, 2, 2, 2, 2, 2, 10, 2, 2, 3, 7, 3, 3, 7, 7, 11, 4, 2, 7, 4, 4, 2, 2, 4, 4, 4, 2, 2, 2, 8, 9, 10, 9, 7, 5, 2, 10, 4, 4, 9, 3, 8, 3, 8, 8, 9, 9, 3, 9, 9, 9, 3, 3, 3, 3, 3, 3, 3, 3, 3, 3, 3, 3, 3, 3, 3, 9, 3, 3, 3, 3, 10, 3, 4, 3, 3, 3, 3, 3, 3, 3, 3, 3, 8, 1, 3] f(x) = 0.2616052467850359
Best solution in generation 248 is: x = [8, 10, 8, 2, 8, 10, 10, 9, 2, 2, 4, 2, 2, 7, 2, 8, 1, 2, 2, 4, 2, 2, 2, 2, 2, 10, 2, 2, 3, 7, 3, 3, 7, 7, 11, 4, 2, 7, 4, 4, 2, 2, 4, 4, 4, 2, 2, 2, 8, 9, 10, 9, 7, 5, 2, 10, 4, 4, 9, 3, 8, 3, 8, 8, 9, 9, 3, 9, 9, 9, 3, 3, 3, 3, 3, 3, 3, 3, 3, 3, 3, 3, 3, 3, 3, 9, 3, 3, 3, 3, 10, 3, 4, 3, 3, 3, 3, 3, 3, 3, 3, 3, 8, 1, 3] f(x) = 0.2616052467850359
Best solution in generation 249 is: x = [8, 10, 8, 2, 8, 10, 10, 9, 2, 2, 4, 2, 2, 7, 2, 8, 1, 2, 2, 4, 2, 2, 2, 2, 2, 10, 2, 2, 3, 7, 3, 3, 7, 7, 11, 4, 2, 7, 4, 4, 2, 2, 4, 4, 4, 2, 2, 2, 10, 9, 10, 9, 7, 5, 2, 5, 4, 4, 9, 3, 8, 3, 8, 8, 9, 9, 3, 9, 9, 9, 3, 3, 3, 3, 3, 3, 3, 3, 3, 3, 3, 3, 3, 3, 3, 9, 3, 3, 3, 3, 10, 3, 4, 3, 3, 3, 3, 3, 3, 3, 3, 3, 8, 1, 3] f(x) = 0.2616618075801778
Best repres&fitness: [8, 10, 8, 2, 8, 10, 10, 9, 2, 2, 4, 2, 2, 7, 2, 8, 1, 2, 2, 4, 2, 2, 2, 2, 2, 10, 2, 2, 3, 7, 3, 3, 7, 7, 11, 4, 2, 7, 4, 4, 2, 2, 4, 4, 4, 2, 2, 2, 8, 9, 10, 9, 7, 5, 2, 10, 4, 4, 9, 3, 8, 3, 8, 8, 9, 9, 3, 9, 9, 9, 3, 3, 3, 3, 3, 3, 3, 3, 3, 3, 3, 3, 3, 3, 3, 9, 3, 3, 3, 3, 10, 3, 4, 3, 3, 3, 3, 3, 3, 3, 3, 3, 8, 1, 3] 0.2616052467850359
Nr. de comunitati: 10